T 0 0 0 0 0 0 0 0 0 0 4 8 4 4 2 0 0 1 0 0 N
T 0 1 0 0 0 0 0 0 0 0 4 7 4 5 2 0 0 1 0 1 N
A 0 2 0 0 0 0 0 0 0 0 3 7 5 5 2 0 0 1 0 1 N
A 1 2 0 0 0 0 0 0 0 0 2 7 6 5 2 0 0 0 0 1 N
G 2 2 0 0 0 0 0 1 0 0 3 7 6 4 2 0 0 0 0 1 N
T 2 2 0 1 0 0 0 1 0 0 3 6 6 5 1 0 0 0 0 1 N
C 2 3 0 1 1 0 0 1 0 0 3 6 6 5 1 0 0 0 0 1 N
T 2 3 1 1 1 0 0 1 0 0 4 5 6 5 1 0 0 0 0 1 N
T 2 4 1 1 1 0 0 1 0 0 4 4 6 6 1 0 0 0 0 1 N
T 2 5 1 1 1 0 0 1 0 0 4 3 6 7 1 0 0 0 0 1 N
C 2 6 1 1 1 0 0 1 0 0 5 3 5 7 1 0 0 0 0 1 N
A 2 6 2 1 1 0 0 1 0 0 4 4 5 7 1 0 0 0 0 1 N
G 3 6 2 1 1 0 0 1 0 0 4 4 6 6 1 0 0 0 0 1 N
G 3 6 2 2 1 0 0 1 0 0 4 4 6 6 1 0 0 0 0 1 N
C 3 6 2 3 1 0 0 1 0 0 5 4 5 6 1 0 0 0 0 1 N
C 3 6 3 3 1 0 0 1 0 0 5 4 4 7 1 0 0 0 0 1 N
T 3 6 4 3 1 0 0 1 0 0 6 3 4 7 1 0 0 0 0 1 N
T 3 7 4 3 1 0 0 1 0 0 6 2 4 8 1 0 0 0 0 1 N
G 3 8 4 3 1 0 0 1 0 0 6 2 5 7 1 0 0 0 0 1 N
T 3 8 4 4 1 0 0 1 0 0 6 2 5 7 0 0 0 0 0 1 N
A 3 9 4 4 2 0 0 1 0 0 5 3 5 7 0 0 0 0 0 1 N
G 4 9 4 4 2 0 0 1 0 0 5 4 5 6 0 0 0 0 0 0 N
C 4 9 4 5 2 0 0 1 0 1 5 4 5 6 0 0 0 0 0 0 N
C 4 9 5 5 2 0 0 1 0 1 5 5 4 6 0 0 0 0 0 0 N
A 4 9 6 5 2 0 0 1 0 1 4 5 4 7 0 0 0 0 0 0 N
G 5 9 6 5 2 0 0 1 0 1 5 5 4 6 0 0 0 0 1 0 N
C 5 9 6 6 2 0 0 1 0 1 5 5 3 7 0 0 0 0 1 0 N
A 5 9 7 6 2 0 0 1 0 1 5 5 3 7 0 0 0 0 1 0 N
G 6 9 7 6 2 0 0 1 0 1 5 5 3 7 0 0 0 0 1 0 N
G 6 9 7 7 2 0 0 1 0 1 5 5 4 6 0 0 0 0 1 0 N
A 6 9 7 8 2 0 0 1 0 1 5 5 4 6 0 0 0 0 1 0 N
T 7 9 7 8 2 0 0 1 0 1 5 4 4 7 0 0 0 0 1 0 N
C 7 10 7 8 2 0 0 1 0 1 5 5 3 7 1 0 0 0 1 0 N
G 7 10 8 8 2 0 0 1 0 1 6 5 3 6 1 0 0 0 1 0 N
A 7 10 8 9 2 0 0 1 0 1 5 6 3 6 1 0 0 0 1 0 N
G 8 10 8 9 2 0 0 1 0 1 5 6 3 6 1 0 1 0 1 0 N
A 8 10 8 10 2 0 0 1 0 1 4 7 3 6 2 0 1 0 1 0 N
G 9 10 8 10 2 0 0 1 0 1 4 7 4 5 2 0 1 0 1 0 N
C 9 10 8 11 2 0 0 1 0 1 4 8 3 5 2 0 1 0 1 0 N
T 9 10 9 11 2 0 0 1 0 1 4 7 4 5 2 0 1 0 1 0 N
T 9 11 9 11 2 0 0 1 0 1 4 7 4 5 2 0 1 0 1 0 N
T 9 11 9 11 2 0 0 1 0 1 4 6 4 6 2 0 1 0 1 0 N
C 9 11 9 11 2 0 0 1 0 1 4 6 3 7 2 0 1 0 1 0 N
T 8 11 10 11 2 0 0 1 0 1 5 5 3 7 2 0 1 0 1 0 N
G 7 12 10 11 2 0 0 0 0 1 5 6 3 6 2 0 1 0 1 0 N
A 7 12 10 11 2 0 0 0 0 1 4 6 3 7 2 0 2 0 0 0 N
G 8 11 10 11 1 0 0 0 1 1 4 6 3 7 2 0 2 0 0 0 N
A 8 11 9 12 1 0 0 0 1 1 3 7 3 7 3 0 2 0 0 0 N
G 9 10 9 12 1 0 0 0 1 1 3 7 3 7 3 0 2 0 0 0 N
C 9 9 9 13 1 0 0 0 1 1 3 8 2 7 4 0 2 0 0 0 N
A 9 8 10 13 1 0 0 0 1 1 2 8 2 8 4 0 2 0 0 0 N
G 10 8 9 13 1 0 0 0 1 1 2 9 2 7 5 0 2 0 0 0 N
T 9 8 9 14 1 0 0 0 1 1 2 8 2 8 4 0 2 0 0 0 N
A 9 9 9 13 2 0 0 0 1 1 1 8 2 9 4 0 2 0 0 0 C
T 10 9 9 12 2 0 0 0 1 1 1 7 2 10 4 0 2 0 0 0 C
G 10 10 8 12 2 0 0 0 1 1 1 7 3 9 4 0 1 0 0 0 C
T 10 10 7 13 2 0 1 0 1 1 1 7 3 9 3 0 1 0 0 0 C
C 10 10 7 13 3 0 1 0 1 1 1 7 3 9 3 0 1 0 0 0 C
T 10 9 8 13 3 0 1 0 1 1 1 6 4 9 3 0 1 0 0 0 C
C 10 10 8 12 3 0 1 0 1 1 2 6 3 9 3 0 1 0 0 0 C
T 10 9 9 12 2 0 1 0 1 1 2 5 4 9 3 0 1 0 0 0 C
G 9 10 9 12 2 0 1 0 1 1 3 5 4 8 3 0 1 0 0 0 C
G 9 10 9 12 2 0 1 0 1 0 3 5 4 8 3 0 1 0 0 0 C
A 9 10 8 13 2 0 1 0 1 0 3 5 4 8 3 0 1 0 0 0 C
T 10 10 7 13 2 0 1 0 1 0 3 4 5 8 3 0 1 0 0 0 C
G 9 11 7 13 2 0 1 0 1 0 4 4 5 7 3 0 0 0 0 0 C
G 9 11 7 13 2 0 2 0 1 0 4 4 5 7 3 0 0 0 0 0 C
T 9 11 6 14 2 0 2 0 1 0 4 3 6 7 2 0 0 0 0 0 C
G 8 12 6 14 3 0 2 0 1 0 5 3 6 6 2 0 0 0 0 0 C
T 8 12 6 14 3 0 2 0 1 0 6 2 6 6 1 0 0 0 0 0 C
G 8 13 6 13 4 0 2 0 1 0 7 2 6 5 1 0 0 0 0 0 C
T 7 13 6 14 4 0 2 0 1 0 7 1 7 5 0 0 0 0 0 0 C
G 7 13 6 14 5 0 2 0 1 0 8 1 7 4 0 0 0 0 0 0 C
G 7 13 5 15 5 0 2 0 1 0 8 2 7 3 0 0 0 0 0 0 C
G 7 13 5 15 5 0 2 0 1 0 8 3 7 2 0 0 0 0 0 0 C
C 6 13 5 16 5 0 2 0 1 0 8 3 6 3 0 0 0 0 0 0 C
T 6 13 6 15 5 0 2 0 1 0 8 2 6 4 0 0 0 0 0 0 C
C 5 14 6 15 5 0 2 0 1 0 8 2 5 5 0 0 0 0 0 0 C
C 5 14 7 14 5 0 2 0 1 0 8 2 4 6 0 0 0 0 0 0 C
A 5 14 7 14 5 0 2 0 1 0 8 2 4 6 0 0 0 0 0 0 C
C 6 13 7 14 5 0 2 0 1 0 8 2 4 6 0 0 0 0 0 0 C
A 6 12 8 14 5 0 2 0 1 0 7 2 4 7 0 0 0 0 0 0 C
G 7 11 8 14 5 0 2 0 1 0 7 2 4 7 0 0 0 0 0 0 C
A 7 11 7 15 5 0 2 0 1 0 7 2 4 7 0 0 0 0 0 0 C
C 8 10 7 15 5 0 2 0 1 0 7 2 4 7 0 0 0 0 0 0 C
A 8 10 8 14 5 0 2 0 1 0 6 2 5 7 0 0 0 0 0 0 C
G 8 10 8 14 5 0 2 0 0 0 6 3 5 6 0 0 0 0 0 0 C
C 8 10 8 14 5 0 2 0 0 0 6 3 4 7 0 0 0 0 0 0 C
A 7 10 9 14 5 0 2 0 0 0 5 3 5 7 0 0 0 0 0 0 C
A 8 10 9 13 5 0 2 0 0 0 4 3 6 7 0 0 0 0 0 0 C
A 9 10 8 13 5 0 2 0 0 0 4 3 6 7 0 0 0 0 0 0 C
C 9 10 8 13 5 0 2 0 0 0 5 3 5 7 0 0 0 0 0 0 C
A 9 10 9 12 5 0 2 0 0 0 4 3 5 8 0 0 0 0 0 0 C
T 10 9 9 12 4 0 2 0 0 0 5 2 5 8 0 0 0 0 0 0 C
T 9 10 9 12 4 0 2 0 0 0 6 1 5 8 0 0 0 0 0 0 C
G 9 10 9 12 4 0 2 0 0 0 7 1 5 7 0 0 0 0 0 0 C
G 9 10 9 12 4 0 1 0 0 0 7 1 5 7 0 0 0 0 0 0 C
G 9 9 9 13 3 0 1 0 0 0 7 1 6 6 0 0 0 0 0 0 C
G 9 9 8 14 3 0 1 0 0 0 7 2 6 5 0 0 0 0 0 0 C
A 9 8 8 15 3 0 1 0 0 0 7 2 6 5 0 0 0 0 0 0 C
C 10 8 7 15 3 0 1 0 0 0 7 2 5 6 0 0 0 0 0 1 C
G 10 7 8 15 3 0 1 0 0 0 7 3 5 5 1 0 0 0 0 1 C
G 10 7 8 15 3 0 1 0 0 0 7 3 5 5 1 0 0 0 0 1 C
A 10 7 8 15 3 0 1 0 0 0 7 3 5 5 1 0 0 0 1 1 C
C 10 7 8 15 3 0 1 0 0 0 7 3 5 5 1 0 0 0 1 1 C
C 10 6 9 15 3 0 1 0 0 0 7 3 5 5 1 0 0 0 1 1 C
T 10 6 10 14 3 0 0 0 0 0 8 2 5 5 1 0 0 0 1 1 C
G 10 7 10 13 3 0 0 0 0 0 8 2 5 5 1 0 0 0 1 1 C
C 10 6 10 14 2 0 0 0 0 0 8 2 4 6 1 0 0 0 1 1 C
C 10 6 11 13 2 0 0 0 0 0 8 2 4 6 1 0 0 0 1 1 C
A 10 5 12 13 1 0 0 0 0 0 7 2 5 6 1 0 0 0 1 1 C
A 11 5 12 12 1 0 0 0 0 0 6 3 5 6 1 0 0 0 1 1 C
G 12 4 12 12 0 0 0 0 0 0 6 3 6 5 1 0 0 0 1 1 C
A 12 4 12 12 0 0 0 0 0 0 5 3 7 5 1 0 0 0 1 1 C
A 13 4 12 11 0 0 0 0 0 0 5 3 7 5 1 0 0 0 1 1 C
A 14 4 12 10 0 0 0 0 0 0 4 4 7 5 1 0 0 0 1 1 C
G 15 4 11 10 0 0 0 0 0 0 4 4 7 5 1 0 1 0 1 1 C
C 15 3 11 11 0 0 0 0 0 0 4 4 7 5 1 0 1 0 1 1 C
T 15 3 11 11 0 0 0 0 0 0 5 3 7 5 1 0 1 0 1 1 C
A 15 4 10 11 0 0 0 0 0 0 4 3 7 6 1 0 1 0 1 1 C
G 15 4 10 11 0 0 0 0 0 0 5 3 7 5 1 0 1 0 1 0 C
T 15 4 9 12 0 0 0 0 0 1 5 2 8 5 0 0 1 0 1 0 C
G 14 5 9 12 1 0 0 0 0 1 6 2 8 4 0 0 1 0 1 0 C
A 14 5 9 12 1 0 0 0 0 1 5 2 9 4 0 0 1 0 0 0 C
C 14 5 9 12 1 0 0 0 1 1 6 2 8 4 0 0 1 0 0 0 C
C 14 5 9 12 1 0 0 0 1 1 6 2 7 5 0 0 1 0 0 0 C
A 13 5 10 12 1 0 0 0 1 1 5 2 7 6 0 0 1 0 0 0 C
G 14 5 10 11 1 0 0 0 1 1 5 3 7 5 1 0 1 0 0 0 C
G 14 5 9 12 1 0 0 0 1 1 5 3 8 4 1 0 1 0 0 0 C
C 13 5 9 13 1 0 0 0 1 1 5 3 8 4 1 0 1 0 0 0 C
C 12 5 10 13 1 0 0 0 1 1 5 4 7 4 1 0 1 0 0 0 C
T 11 5 11 13 1 0 0 0 1 1 5 3 8 4 1 0 1 0 0 0 C
C 11 6 10 13 1 0 0 0 1 1 5 3 8 4 1 0 1 0 0 0 C
C 10 6 11 13 1 0 0 0 1 1 6 3 7 4 1 0 1 0 0 0 C
A 10 5 12 13 1 0 0 0 1 1 6 3 7 4 1 0 1 0 0 0 C
T 11 4 12 13 1 0 0 0 1 1 7 2 7 4 1 0 1 0 0 0 C
G 11 5 12 12 1 0 0 0 1 1 7 2 8 3 1 0 0 0 0 0 C
C 11 5 12 12 1 0 1 0 1 1 7 2 8 3 1 0 0 0 0 0 C
A 11 5 13 11 1 0 1 0 1 1 6 2 8 4 1 0 0 0 0 0 C
G 12 5 13 10 1 0 1 0 1 1 6 2 9 3 1 0 0 0 0 0 C
A 11 5 13 11 1 0 1 0 1 1 5 2 10 3 1 0 0 0 0 0 C
C 12 5 12 11 1 0 1 0 1 1 5 3 9 3 1 0 0 0 0 0 C
A 12 5 13 10 1 0 1 0 1 1 4 3 10 3 1 0 0 0 0 0 C
C 13 5 13 9 1 0 1 0 1 1 4 3 10 3 1 0 0 0 0 0 C
A 12 5 14 9 1 0 1 0 1 1 3 3 11 3 1 0 0 0 0 0 C
G 13 5 13 9 1 0 1 0 1 1 3 4 11 2 1 0 0 0 0 0 C
G 13 5 12 10 1 0 1 0 1 1 4 4 11 1 1 0 0 0 0 0 C
T 13 4 12 11 1 0 1 0 1 1 5 3 11 1 0 0 0 1 0 0 C
C 13 5 12 10 2 0 1 0 1 1 6 3 10 1 0 0 0 1 0 0 C
C 13 5 12 10 2 0 1 0 1 1 7 3 9 1 0 0 0 1 0 0 C
T 13 5 12 10 2 0 1 0 1 1 7 2 9 2 0 0 0 1 0 0 C
C 12 6 12 10 2 0 1 0 1 1 8 2 8 2 0 0 0 1 0 0 C
C 11 6 13 10 2 0 1 0 1 1 8 3 7 2 0 0 0 1 0 0 C
A 11 6 14 9 2 0 1 0 1 1 7 3 7 3 0 0 1 1 0 0 C
A 11 6 14 9 2 0 1 0 1 1 6 3 7 4 0 0 1 1 0 0 C
A 11 6 14 9 2 0 1 0 1 1 5 3 8 4 0 0 1 1 0 0 C
C 11 6 14 9 2 0 1 0 1 1 5 3 8 4 0 0 1 1 0 0 C
C 11 6 15 8 2 0 1 0 1 1 5 3 8 4 0 0 1 1 0 0 C
G 11 6 15 8 2 0 1 0 1 1 6 3 8 3 0 0 1 1 0 0 C
C 11 5 15 9 2 0 1 0 1 1 6 3 7 4 0 0 1 1 0 0 C
C 10 5 16 9 2 0 1 0 1 1 6 3 7 4 0 0 1 1 0 0 C
T 10 5 17 8 2 0 1 0 1 0 7 2 7 4 0 0 1 1 0 0 C
C 10 5 17 8 1 0 1 0 1 0 8 2 6 4 0 0 1 1 0 0 C
C 10 5 18 7 1 0 1 0 1 0 9 2 5 4 0 0 1 1 0 0 C
C 9 5 19 7 1 0 1 0 0 0 10 2 4 4 0 0 1 1 0 0 C
T 9 5 19 7 1 0 1 0 0 0 11 1 4 4 0 0 1 1 0 0 C
A 9 6 18 7 1 0 1 0 0 0 10 1 4 5 0 0 1 1 0 0 C
A 9 6 18 7 1 0 1 0 0 0 9 1 4 6 0 0 1 0 0 0 C
A 10 6 18 6 1 0 1 1 0 0 8 1 4 7 0 0 1 0 0 0 C
A 11 6 18 5 1 0 1 1 0 0 7 1 5 7 0 0 1 0 0 0 C
G 12 6 17 5 1 0 1 1 0 0 7 1 5 7 0 0 1 0 0 0 C
A 12 6 16 6 1 0 1 1 0 0 6 1 5 8 0 0 1 0 0 0 C
T 13 5 16 6 1 0 1 1 0 0 6 1 5 8 1 0 1 0 0 0 C
G 13 6 15 6 1 0 1 1 0 0 7 1 5 7 1 0 0 0 0 0 C
G 13 6 14 7 1 0 2 1 0 0 7 2 5 6 1 0 0 0 0 0 C
C 12 6 14 8 1 0 2 1 0 0 7 2 4 7 1 0 1 0 0 0 C
C 12 5 15 8 1 0 2 1 0 0 7 2 3 8 1 0 1 0 0 0 C
C 12 5 16 7 1 0 1 1 0 0 7 2 2 9 1 0 1 0 0 0 C
A 12 5 16 7 1 0 1 1 0 0 6 3 2 9 2 0 1 0 0 0 C
G 12 5 16 7 1 0 1 1 0 0 6 3 3 8 2 0 1 0 0 0 C
C 12 5 16 7 1 0 1 1 0 0 6 3 3 8 2 0 1 0 0 0 C
A 11 5 17 7 1 0 1 1 0 0 5 3 3 9 2 0 1 0 0 0 C
A 12 5 16 7 1 0 1 1 0 0 4 4 3 9 3 0 1 0 0 0 C
A 12 5 16 7 1 0 1 1 0 0 3 4 4 9 3 0 1 0 0 0 C
A 13 5 15 7 1 0 1 1 0 0 2 4 4 10 3 0 1 0 0 0 C
A 13 5 15 7 1 0 1 1 0 0 1 4 4 11 3 0 1 0 0 0 C
G 14 5 15 6 1 0 1 1 0 0 1 4 4 11 3 0 1 0 0 0 C
G 14 5 15 6 1 0 1 1 0 0 2 4 4 10 3 0 1 0 0 0 C
G 14 4 15 7 0 0 1 1 0 0 2 4 5 9 3 0 1 0 0 0 C
C 14 4 14 8 0 0 1 1 0 0 3 4 4 9 3 0 1 0 0 0 C
G 14 4 14 8 0 0 1 1 0 0 4 4 4 8 3 0 1 0 0 0 C
G 14 3 14 9 0 0 1 1 0 0 4 5 4 7 3 0 1 0 0 0 C
T 14 3 13 10 0 0 1 1 0 0 4 4 4 8 2 0 2 0 0 0 C
A 14 4 12 10 1 0 1 1 0 0 3 4 5 8 2 0 2 0 0 0 C
T 14 4 12 10 1 0 1 1 0 0 3 4 5 8 2 0 2 0 0 0 C
G 13 5 12 10 1 0 1 1 0 0 3 4 5 8 2 0 1 0 0 0 C
G 12 5 12 11 1 0 2 1 0 0 4 4 5 7 2 0 1 0 1 0 C
G 12 5 11 12 1 0 2 1 0 0 4 4 5 7 2 0 1 0 1 0 C
T 12 5 10 13 1 0 2 1 0 0 5 3 5 7 1 0 1 0 1 0 C
C 12 6 10 12 2 0 2 1 0 0 5 3 5 7 1 0 1 0 1 0 C
C 12 6 10 12 2 0 2 1 0 0 6 3 4 7 1 0 1 0 1 0 C
G 12 6 10 12 2 0 2 1 0 0 6 3 4 7 1 0 1 0 1 0 C
T 12 5 10 13 2 0 2 1 0 0 7 2 4 7 0 0 1 0 1 0 C
C 12 6 9 13 3 0 2 1 0 0 8 2 3 7 0 0 1 0 1 0 C
G 12 6 9 13 3 0 2 1 0 0 8 2 3 7 0 0 1 0 1 0 C
G 12 6 8 14 3 0 2 1 0 0 9 2 3 6 0 0 1 0 1 0 C
G 12 5 8 15 3 0 2 1 0 0 9 2 4 5 0 0 1 0 1 0 C
A 11 5 8 16 3 0 2 1 0 0 8 2 5 5 0 0 1 0 1 0 C
C 11 5 8 16 3 0 2 0 0 0 8 2 5 5 0 0 1 0 1 0 C
A 10 5 9 16 3 0 2 0 0 0 7 3 5 5 0 0 1 0 1 0 C
A 10 5 9 16 3 0 2 0 0 0 6 3 5 6 0 0 1 0 1 0 C
T 11 5 9 15 3 0 2 0 0 0 6 3 5 6 1 0 1 0 1 0 C
G 10 6 9 15 3 0 2 0 0 0 6 4 5 5 1 0 0 0 1 0 C
C 10 5 9 16 3 0 3 0 0 0 7 4 4 5 1 0 0 0 1 0 C
T 10 5 10 15 3 0 2 0 0 0 8 3 4 5 1 0 0 1 1 0 C
G 10 6 10 14 3 0 2 0 0 0 8 3 4 5 1 0 0 1 1 0 C
A 10 6 9 15 3 0 2 0 0 0 7 4 4 5 2 0 0 1 0 0 C
G 11 6 8 15 3 0 2 0 1 0 7 4 5 4 2 0 0 1 0 0 C
A 11 6 7 16 3 0 2 0 1 0 7 4 5 4 2 0 0 1 0 0 C
C 11 6 7 16 3 0 2 0 1 0 8 4 4 4 2 0 0 1 0 0 C
A 11 6 8 15 3 0 2 0 1 0 7 4 5 4 2 0 0 1 0 0 C
G 12 6 7 15 3 0 2 0 1 0 7 5 5 3 2 0 0 1 0 0 C
A 11 6 7 16 3 0 2 0 1 0 7 5 5 3 2 0 0 1 0 0 C
A 11 6 7 16 3 0 2 0 1 0 6 6 5 3 2 0 0 1 0 0 C
G 11 6 7 16 3 0 2 0 1 0 6 6 5 3 2 0 1 1 0 0 C
A 10 6 7 17 3 0 2 0 1 0 5 7 5 3 3 0 1 1 0 0 C
C 10 6 7 17 3 0 2 0 1 0 5 7 5 3 3 0 1 1 0 0 C
C 10 6 8 16 3 0 2 0 1 0 5 7 5 3 3 0 1 1 0 0 C
C 10 6 9 15 3 0 2 0 1 0 6 7 4 3 3 0 1 1 0 0 C
T 10 6 10 14 3 0 2 0 1 0 7 6 4 3 3 0 1 1 0 0 C
G 10 7 9 14 3 0 2 0 1 0 7 6 4 3 3 0 1 1 0 0 C
T 10 7 9 14 3 0 2 0 1 0 7 5 4 4 2 0 1 1 0 0 C
T 10 8 9 13 4 0 2 0 1 0 8 4 4 4 2 0 1 1 0 0 C
A 10 8 9 13 3 0 2 0 1 0 7 5 4 4 2 0 1 1 0 0 C
A 10 8 9 13 3 0 2 0 1 0 7 5 4 4 2 0 1 0 0 0 C
G 11 7 9 13 3 0 2 1 1 0 7 5 4 4 2 0 1 0 0 1 C
T 11 7 9 13 3 0 1 1 1 0 7 4 4 5 1 0 1 0 0 1 C
C 11 8 9 12 4 0 1 1 1 0 7 4 4 5 1 0 1 0 0 1 C
A 11 8 10 11 4 0 1 1 1 0 6 4 5 5 1 0 1 0 0 1 C
A 12 7 10 11 3 0 1 1 1 0 6 4 5 5 1 0 1 0 0 1 C
C 13 7 9 11 3 0 1 1 1 0 7 4 4 5 1 0 1 0 0 1 C
T 13 7 9 11 3 0 1 1 1 0 7 3 4 6 1 0 1 0 0 1 C
A 13 8 9 10 3 0 1 1 1 0 7 3 4 6 1 0 1 0 0 1 C
T 14 7 9 10 2 0 1 1 1 0 7 2 5 6 1 0 1 0 0 1 C
G 14 8 8 10 2 0 1 1 1 0 7 3 5 5 1 0 0 0 0 1 C
T 14 8 8 10 2 0 2 1 1 0 8 2 5 5 0 0 0 0 0 1 C
C 14 9 8 9 3 0 2 1 1 0 8 2 4 6 0 0 0 0 0 2 C
C 14 9 9 8 3 0 2 1 1 0 9 2 3 6 0 0 0 0 0 2 C
A 13 9 10 8 3 0 2 1 1 0 8 2 3 7 0 0 0 0 0 2 C
A 14 9 9 8 3 0 2 1 1 0 7 2 3 8 0 0 0 0 0 2 C
G 14 9 9 8 3 0 2 1 1 0 7 3 3 7 1 0 0 0 0 2 C
G 13 9 9 9 3 0 2 1 1 0 8 3 3 6 1 0 0 0 0 2 C
A 13 8 9 10 3 0 2 1 1 0 8 3 3 6 1 0 0 1 0 2 C
T 14 8 9 9 3 0 1 1 1 0 8 2 4 6 1 0 0 1 0 2 C
A 14 9 8 9 3 0 1 1 1 0 7 2 5 6 1 0 0 1 0 2 C
G 15 8 8 9 3 0 1 1 1 0 8 2 5 5 1 0 0 1 0 1 C
G 15 8 8 9 3 0 1 1 1 1 9 2 5 4 1 0 0 1 0 1 C
C 14 8 8 10 3 0 1 1 0 1 10 2 4 4 1 0 0 1 0 1 C
C 14 8 9 9 3 0 1 1 0 1 10 2 3 5 1 0 0 1 0 1 C
A 13 8 10 9 3 0 1 1 0 1 9 2 4 5 1 0 0 1 0 1 C
A 14 8 9 9 3 0 1 1 0 1 9 2 4 5 1 0 0 1 0 1 C
G 14 8 9 9 3 0 1 1 0 1 9 2 4 5 1 0 0 1 0 1 C
A 14 8 9 9 3 0 1 1 0 1 8 3 4 5 2 0 0 1 0 1 C
C 14 8 9 9 3 0 1 1 0 1 8 3 3 6 2 0 0 1 0 1 C
T 13 8 10 9 3 0 1 1 0 1 8 2 3 7 2 0 0 1 0 1 C
A 13 9 10 8 3 0 1 1 0 1 7 3 3 7 3 0 0 1 0 1 C
G 13 9 10 8 3 0 1 1 0 1 7 4 3 6 3 0 0 1 0 0 C
A 13 9 9 9 3 0 1 1 0 2 6 4 3 7 3 0 0 1 0 0 C
G 14 9 8 9 3 0 1 1 0 2 6 5 3 6 4 0 0 1 0 0 C
G 14 9 7 10 3 0 1 1 0 2 6 5 3 6 4 0 0 1 0 0 C
T 14 8 7 11 3 0 1 1 0 2 6 4 3 7 3 0 0 1 0 0 C
A 14 9 7 10 4 0 1 1 0 2 6 4 3 7 3 0 0 1 0 0 C
A 15 8 7 10 3 0 1 1 0 2 5 4 4 7 3 0 0 0 0 0 C
C 16 7 7 10 3 0 1 2 0 2 5 4 4 7 3 0 0 0 0 0 C
C 15 7 8 10 3 0 1 2 0 2 5 5 3 7 3 0 0 0 0 0 C
A 14 7 9 10 3 0 1 1 0 2 4 5 3 8 3 0 0 0 0 0 C
A 15 7 9 9 3 0 1 1 0 2 3 5 3 9 3 0 0 0 0 0 C
A 16 6 9 9 2 0 1 1 0 2 2 5 3 10 3 0 0 0 0 0 C
G 17 6 8 9 2 0 1 1 0 2 2 5 4 9 3 0 0 0 0 0 C
C 16 6 8 10 2 0 1 1 0 2 3 5 3 9 3 0 0 0 0 0 C
A 15 6 9 10 2 0 1 1 0 2 2 5 4 9 3 0 0 0 0 0 C
G 16 6 8 10 2 0 1 1 0 2 2 6 4 8 3 0 0 0 0 0 C
T 16 5 8 11 2 0 1 1 0 2 2 5 4 9 2 0 0 0 0 0 C
G 15 6 8 11 3 0 1 1 0 2 2 5 4 9 2 0 0 0 0 0 C
G 15 5 8 12 3 0 1 1 0 2 2 5 5 8 2 0 0 0 0 0 C
T 15 5 8 12 3 0 0 1 0 2 2 5 5 8 1 0 0 0 0 0 C
T 15 5 8 12 3 0 0 1 0 2 2 5 5 8 1 0 0 0 0 0 C
G 15 6 7 12 3 0 0 1 0 2 2 5 6 7 1 0 0 0 0 0 C
T 15 6 6 13 3 0 0 1 0 2 2 5 6 7 0 0 0 0 0 0 C
G 14 7 6 13 4 0 0 1 0 2 2 5 6 7 0 0 0 0 0 0 C
G 13 7 6 14 4 0 0 1 0 2 2 6 6 6 1 0 0 0 0 0 C
A 13 7 6 14 4 0 0 1 0 2 2 6 6 6 1 0 0 0 0 0 C
C 14 7 6 13 4 0 0 1 0 2 3 6 5 6 1 0 0 1 0 0 C
C 13 7 7 13 4 0 0 1 0 2 4 6 4 6 1 0 0 1 0 0 C
T 13 6 8 13 4 0 0 1 0 2 4 6 4 6 1 0 0 1 0 0 C
G 12 7 8 13 4 0 0 1 0 2 4 6 4 6 1 0 1 1 0 0 C
G 12 7 8 13 4 0 0 1 0 1 4 7 4 5 2 0 1 1 0 0 C
G 12 7 8 13 4 0 0 1 0 1 4 7 4 5 2 0 1 1 0 0 C
C 12 7 7 14 4 0 0 1 0 1 4 7 3 6 2 0 1 1 0 0 C
A 12 7 7 14 4 0 0 1 0 1 3 7 4 6 2 0 1 1 0 0 C
C 12 7 7 14 4 0 0 1 0 1 3 8 3 6 2 0 1 1 0 0 C
T 11 7 8 14 4 0 0 1 0 1 3 8 3 6 2 0 1 1 0 0 C
G 11 8 8 13 4 0 0 1 0 1 3 9 3 5 2 0 1 1 0 0 C
G 10 8 8 14 4 0 0 1 0 1 3 9 3 5 2 0 1 1 0 0 C
C 10 8 7 15 4 0 0 1 0 1 3 9 3 5 2 0 1 1 0 0 C
T 10 7 8 15 4 0 0 1 0 1 3 9 3 5 2 0 1 1 0 0 C
T 9 8 8 15 4 0 0 1 0 1 3 8 3 6 2 0 1 1 0 0 C
C 9 9 8 14 4 0 0 1 0 0 3 8 2 7 2 0 1 1 0 0 C
T 8 9 9 14 4 0 0 1 0 0 3 7 3 7 2 0 1 1 0 0 C
G 8 10 9 13 4 0 0 1 0 0 3 7 4 6 2 0 1 1 0 0 C
T 8 10 9 13 4 0 0 1 0 0 3 7 4 6 1 0 1 1 0 0 C
A 8 10 9 13 4 0 0 1 0 0 2 7 4 7 1 0 1 1 0 0 C
A 8 10 9 13 4 0 0 1 0 0 1 7 5 7 1 0 1 0 0 0 C
A 8 10 9 13 4 0 0 1 0 0 0 7 6 7 1 0 1 0 0 0 C
T 9 10 8 13 4 0 0 1 0 0 1 6 6 7 1 0 1 0 0 0 C
G 9 11 7 13 4 0 0 1 0 0 2 6 6 6 1 0 0 0 0 0 C
T 8 11 7 14 4 0 1 1 0 0 3 5 6 6 0 0 0 0 0 0 C
G 7 12 7 14 5 0 1 1 0 0 3 5 6 6 0 0 0 0 0 0 C
G 6 12 7 15 5 0 1 1 0 0 3 5 7 5 0 0 0 0 0 0 C
C 6 12 7 15 5 0 1 1 0 0 3 5 7 5 0 0 0 0 0 0 C
T 6 12 7 15 5 0 1 1 0 0 3 4 8 5 0 0 0 0 0 0 C
T 5 13 7 15 5 0 1 1 0 0 4 3 8 5 0 0 0 0 0 0 C
T 5 14 7 14 5 0 1 1 0 0 4 2 9 5 0 0 0 0 0 0 C
G 5 14 7 14 4 0 1 1 0 0 4 3 9 4 0 0 0 0 0 0 C
C 5 14 7 14 4 0 1 1 0 0 4 3 9 4 0 0 0 0 0 0 C
T 5 14 8 13 4 0 1 1 0 0 5 2 9 4 0 0 0 0 0 0 C
G 5 14 8 13 3 0 1 1 0 0 5 3 9 3 0 0 0 0 0 0 C
G 5 13 8 14 3 0 1 1 0 0 6 3 9 2 0 0 0 0 0 0 C
C 5 13 8 14 3 0 1 1 0 0 7 3 8 2 0 0 0 1 0 0 C
C 5 12 9 14 2 0 1 1 0 0 7 3 7 3 0 0 0 1 0 0 C
T 5 12 10 13 2 0 1 1 0 0 8 2 7 3 0 0 0 1 0 0 C
G 5 13 10 12 2 0 1 1 0 0 8 3 7 2 0 0 0 1 0 0 C
C 4 13 10 13 2 0 1 1 0 0 8 3 7 2 0 0 0 1 0 0 C
C 4 13 10 13 2 0 1 1 0 0 8 4 6 2 0 0 0 1 0 0 C
A 4 13 10 13 2 0 1 1 0 0 7 4 7 2 0 0 0 1 0 0 C
A 5 12 10 13 2 0 1 1 0 0 7 4 7 2 0 0 0 1 0 0 C
A 6 12 10 12 2 0 1 1 0 0 7 4 7 2 0 0 0 1 0 0 C
G 7 12 10 11 2 0 1 1 0 0 7 4 8 1 0 0 0 1 0 0 C
C 7 12 10 11 2 0 1 1 0 0 8 4 7 1 0 0 0 1 0 0 C
C 7 12 10 11 2 0 1 1 0 0 9 4 6 1 0 0 0 1 0 0 C
C 6 12 11 11 2 0 1 1 0 0 9 4 6 1 0 0 0 1 0 0 C
A 6 12 11 11 2 0 1 1 0 0 9 4 6 1 0 0 0 1 0 0 C
C 7 11 11 11 2 0 1 1 0 0 9 4 5 2 0 0 0 1 0 0 C
T 7 11 12 10 2 0 1 1 0 0 9 4 5 2 1 0 0 1 0 0 C
C 7 12 12 9 2 0 1 1 0 0 9 4 4 3 1 0 0 1 0 0 C
A 7 12 12 9 2 0 1 1 0 0 8 4 4 4 1 0 0 1 0 0 C
T 8 11 12 9 2 0 1 1 0 0 8 3 4 5 1 0 0 1 0 0 C
A 8 11 12 9 2 0 1 1 0 0 7 3 5 5 1 0 0 1 0 0 C
A 9 11 11 9 2 0 1 1 0 0 7 3 5 5 1 0 0 0 0 0 C
G 10 10 11 9 2 0 1 2 0 0 8 3 5 4 1 0 0 0 0 0 C
A 10 10 11 9 2 0 1 2 0 0 7 3 5 5 1 0 0 0 0 0 C
T 11 9 11 9 1 0 1 2 0 0 7 2 6 5 1 0 0 0 0 0 C
C 10 10 11 9 1 0 1 2 0 0 7 2 6 5 1 0 0 0 0 0 C
T 9 10 12 9 1 0 1 1 0 0 7 1 7 5 1 0 0 0 0 0 C
C 8 11 12 9 1 0 1 1 0 0 7 2 6 5 1 0 0 0 0 0 C
A 8 10 13 9 1 0 1 1 0 0 7 2 6 5 1 0 0 0 0 0 C
A 9 10 13 8 1 0 0 1 0 0 6 2 7 5 1 0 0 0 0 0 C
C 10 9 13 8 0 0 0 1 0 0 7 2 6 5 1 0 0 0 0 0 C
A 10 9 14 7 0 0 0 1 0 0 6 3 6 5 1 0 0 0 0 0 C
A 11 9 14 6 0 0 0 1 0 0 5 3 6 6 1 0 1 0 0 0 C
C 12 9 13 6 0 0 0 1 0 0 5 3 5 7 1 0 1 0 0 0 C
A 12 8 14 6 0 0 0 1 0 0 5 3 5 7 1 0 1 0 0 0 C
G 13 7 14 6 0 0 0 1 0 0 5 3 5 7 1 0 1 0 0 0 C
T 13 6 14 7 0 0 0 1 0 0 6 2 5 7 0 0 1 0 0 0 C
G 13 7 14 6 1 0 0 1 0 0 6 2 6 6 0 0 1 0 0 0 C
G 13 7 13 7 1 0 0 1 0 0 6 2 6 6 0 0 1 0 0 0 C
G 13 6 13 8 1 0 0 1 0 0 6 2 6 6 0 0 1 0 0 0 C
C 13 6 13 8 1 0 0 1 0 0 6 2 6 6 0 0 1 0 0 0 C
A 13 6 14 7 1 0 0 1 0 0 5 2 7 6 0 0 1 0 0 0 C
A 14 6 13 7 1 0 0 1 0 0 5 2 7 6 0 0 1 0 0 0 C
G 15 6 12 7 1 0 0 1 0 0 6 2 7 5 0 0 1 0 0 0 C
C 15 5 12 8 1 0 0 1 0 0 6 2 6 6 0 0 1 0 0 0 C
C 15 5 13 7 1 0 0 1 0 0 7 2 5 6 0 0 1 0 0 0 C
C 15 5 13 7 1 0 0 1 0 0 7 2 5 6 0 0 1 0 0 0 C
T 15 5 13 7 1 0 0 1 0 0 7 1 5 7 0 0 1 0 0 0 C
A 14 6 13 7 1 0 0 1 0 0 6 1 5 8 0 0 1 0 0 0 C
C 14 6 13 7 1 0 0 1 0 0 6 1 4 9 0 0 1 0 0 0 C
A 13 6 14 7 1 0 0 1 0 0 5 1 4 10 0 0 1 0 0 0 C
T 14 6 14 6 1 0 0 1 0 0 5 0 4 11 0 0 1 0 0 0 C
G 14 7 13 6 1 0 0 1 0 0 6 0 4 10 0 0 0 0 0 0 C
G 14 7 12 7 1 0 1 1 0 0 6 1 4 9 0 0 0 0 0 0 C
A 14 7 11 8 1 0 1 1 0 0 6 1 4 9 0 0 0 0 0 0 C
G 14 7 11 8 1 0 1 1 0 0 7 1 4 8 0 0 0 1 0 0 C
A 14 7 10 9 1 0 1 1 0 0 6 2 4 8 0 0 0 1 0 0 C
C 15 6 10 9 1 0 1 1 0 0 6 2 4 8 0 0 0 1 0 0 C
G 15 6 10 9 1 0 1 1 0 0 6 2 4 8 0 0 0 1 0 0 C
G 14 6 10 10 1 0 1 1 0 0 6 2 5 7 0 0 0 1 0 0 C
C 14 5 10 11 1 0 1 1 0 0 7 2 4 7 0 0 0 1 0 0 C
C 13 5 11 11 1 0 1 1 0 0 8 2 3 7 0 0 0 1 0 0 C
A 12 5 12 11 1 0 1 0 0 0 8 2 3 7 0 0 0 1 0 0 C
A 13 5 12 10 1 0 1 0 0 0 7 2 3 8 0 0 0 1 0 0 C
G 13 5 12 10 1 0 1 0 0 0 8 2 3 7 0 0 0 1 0 0 C
A 13 4 12 11 1 0 1 0 0 0 7 2 3 8 0 0 0 1 0 0 C
C 14 4 11 11 1 0 1 0 0 0 8 2 2 8 0 0 0 1 0 0 C
G 14 3 12 11 1 0 1 0 0 0 8 2 3 7 0 0 0 1 0 0 C
G 14 3 11 12 1 0 1 0 0 0 8 2 4 6 0 0 0 1 0 0 C
G 13 3 11 13 1 0 1 0 0 0 8 3 4 5 0 0 0 1 0 0 C
G 12 3 11 14 1 0 1 0 0 0 8 4 4 4 0 0 0 1 0 0 C
G 12 3 10 15 1 0 1 0 0 0 8 5 4 3 0 0 0 1 0 0 C
A 11 3 10 16 1 0 1 0 0 0 7 5 4 4 0 0 0 1 0 0 C
T 11 3 10 16 1 0 1 0 0 0 7 5 4 4 1 0 0 1 0 0 C
A 11 4 9 16 1 0 1 0 0 0 6 5 4 5 1 0 0 1 0 0 C
A 11 4 9 16 1 0 1 0 0 0 5 5 4 6 1 0 0 0 0 0 C
T 12 4 9 15 1 0 1 1 0 0 5 4 4 7 1 0 0 0 0 0 C
C 12 4 9 15 0 0 1 1 0 0 5 4 3 8 1 0 0 0 0 0 C
G 12 4 10 14 0 0 1 1 0 0 5 4 4 7 1 0 0 0 0 0 C
C 12 4 10 14 0 0 1 1 0 0 6 4 3 7 1 0 0 0 0 0 C
A 12 4 11 13 0 0 1 1 0 0 5 4 4 7 1 0 0 0 0 0 C
A 13 4 10 13 0 0 1 1 0 0 4 4 4 8 1 0 0 0 0 0 C
A 13 4 10 13 0 0 1 1 0 0 4 4 4 8 1 0 0 0 0 0 C
G 13 4 10 13 0 0 1 1 0 0 4 4 4 8 1 0 0 0 0 0 C
A 13 4 10 13 0 0 1 1 0 0 3 4 5 8 1 0 0 0 0 0 C
G 14 4 9 13 0 0 1 1 0 0 3 5 5 7 1 0 0 0 0 0 C
A 14 4 8 14 0 0 1 1 0 0 2 5 6 7 1 0 0 0 0 0 C
C 15 4 7 14 0 0 1 1 0 0 2 6 5 7 1 0 0 0 0 0 C
C 15 3 8 14 0 0 1 1 0 0 2 7 4 7 1 0 0 0 0 0 C
T 14 3 9 14 0 0 1 1 0 0 2 7 4 7 1 0 0 0 0 0 C
T 14 4 8 14 0 0 1 1 0 0 3 6 4 7 1 0 0 0 0 0 C
T 13 5 8 14 0 0 1 1 0 0 4 5 4 7 1 0 0 1 0 0 C
G 13 5 8 14 0 0 1 1 0 0 4 5 5 6 1 0 0 1 0 0 C
T 13 5 8 14 0 0 0 1 0 0 4 4 6 6 0 0 0 1 0 0 C
G 13 6 8 13 1 0 0 1 0 0 4 4 7 5 0 0 0 1 0 0 C
G 12 6 8 14 1 0 0 1 0 0 5 4 7 4 0 0 0 1 0 0 C
G 12 6 8 14 1 0 0 1 0 0 5 4 7 4 0 0 0 1 0 0 C
G 11 6 8 15 1 0 0 1 0 0 6 4 7 3 0 0 0 1 0 0 C
C 11 6 7 16 1 0 0 1 0 0 6 5 6 3 0 0 0 1 0 0 C
A 11 6 8 15 1 0 0 1 0 0 6 5 6 3 0 0 0 1 0 0 C
C 12 6 8 14 1 0 0 1 0 0 6 6 5 3 0 0 0 1 0 0 C
G 12 6 8 14 1 0 0 1 0 0 7 6 5 2 0 0 0 1 0 0 C
A 12 6 7 15 1 0 0 1 0 0 6 6 6 2 0 0 0 1 0 0 C
G 12 6 7 15 1 0 0 1 0 0 7 6 6 1 0 0 0 1 0 0 C
C 11 6 7 16 1 0 0 1 0 0 7 7 5 1 0 0 0 1 0 0 C
T 11 6 8 15 1 0 0 1 0 0 7 6 6 1 0 0 0 1 0 0 C
C 10 7 8 15 1 0 0 1 0 0 7 7 5 1 0 0 0 1 0 0 C
T 10 7 8 15 1 0 0 1 0 0 7 6 6 1 0 0 0 1 0 0 C
T 10 8 8 14 1 0 0 1 0 0 8 5 6 1 0 0 0 1 0 0 C
T 10 9 8 13 1 0 0 1 0 0 9 4 6 1 0 0 0 1 0 0 C
A 10 10 8 12 1 0 0 1 0 0 8 4 6 2 0 0 0 1 0 0 C
A 11 10 8 11 1 0 0 1 0 0 7 4 7 2 0 0 0 0 0 0 C
C 12 10 8 10 1 0 0 2 0 0 7 5 6 2 0 0 0 0 0 0 C
C 11 10 9 10 1 0 0 2 0 0 7 5 5 3 0 0 0 0 0 0 C
C 11 9 10 10 1 0 0 2 0 0 7 5 4 4 0 0 0 0 0 0 C
A 10 9 11 10 1 0 0 2 0 0 6 6 4 4 1 0 0 0 0 0 C
G 10 9 11 10 1 0 0 1 0 0 6 6 5 3 1 0 0 0 0 0 C
A 10 8 11 11 1 0 0 1 0 0 6 6 5 3 1 0 0 0 0 0 C
T 11 8 10 11 1 0 0 1 0 0 7 5 5 3 1 0 0 0 0 0 C
A 11 9 10 10 1 0 0 1 0 0 6 5 6 3 1 0 0 0 0 0 C
T 12 9 9 10 1 0 0 1 0 0 6 4 7 3 1 0 0 0 0 0 C
A 11 10 9 10 1 0 0 1 0 0 5 4 8 3 1 0 0 0 0 0 C
C 11 10 9 10 1 0 0 1 0 0 5 4 8 3 1 0 0 0 0 0 C
A 10 10 10 10 1 0 0 1 0 0 4 4 9 3 1 0 0 0 0 0 C
T 11 10 10 9 1 0 0 1 0 0 4 4 9 3 1 0 0 0 0 0 C
C 10 11 10 9 1 0 0 1 0 0 4 4 8 4 1 0 0 0 0 0 C
T 10 11 11 8 1 0 0 1 0 0 4 3 9 4 1 0 0 0 0 0 C
C 9 12 11 8 1 0 0 1 0 0 4 3 8 5 1 0 0 0 0 0 C
A 9 12 11 8 1 0 0 1 0 0 3 3 9 5 1 0 0 0 0 0 C
A 10 12 10 8 1 0 0 1 0 0 2 3 10 5 1 0 0 0 0 0 C
G 11 11 10 8 1 0 0 1 0 0 3 3 10 4 1 0 0 0 0 0 C
C 11 10 10 9 1 0 0 1 0 0 3 4 9 4 1 0 0 0 0 0 C
T 11 9 11 9 1 0 0 1 0 0 3 3 9 5 1 0 1 0 0 0 C
G 11 10 11 8 1 0 0 1 0 0 3 3 9 5 1 0 1 0 0 0 C
G 11 9 11 9 0 0 0 1 0 0 3 3 10 4 1 0 1 0 0 0 C
T 11 9 11 9 0 0 0 1 0 0 4 2 10 4 0 0 1 0 0 0 C
C 11 10 11 8 1 0 0 1 0 0 4 3 9 4 0 0 1 0 0 0 C
A 11 10 12 7 1 0 0 1 0 0 3 3 10 4 0 0 1 0 0 0 C
A 12 10 12 6 1 0 0 1 0 0 3 3 10 4 0 0 1 0 0 0 C
C 13 10 11 6 1 0 0 1 0 0 3 4 9 4 0 0 1 0 0 0 C
C 12 10 12 6 1 0 0 1 0 0 3 5 8 4 0 0 1 0 0 0 C
C 12 10 12 6 1 0 0 1 0 0 3 5 7 5 0 0 1 0 0 0 C
C 12 10 13 5 1 0 0 1 0 0 3 6 6 5 1 0 1 0 0 0 C
C 11 10 14 5 1 0 0 1 0 0 3 6 5 6 1 0 1 0 0 0 C
T 11 10 15 4 1 0 0 1 0 0 3 5 5 7 1 0 1 0 0 0 C
G 11 11 14 4 1 0 0 1 0 0 4 5 5 6 1 0 1 0 0 0 C
C 11 10 14 5 1 0 0 1 0 0 4 5 5 6 1 0 1 0 0 0 C
G 11 10 14 5 1 0 0 1 0 0 4 6 5 5 1 0 1 0 0 0 C
C 11 9 14 6 1 0 0 1 0 0 4 6 4 6 1 0 1 0 0 0 C
C 11 8 15 6 1 0 0 1 0 0 4 6 3 7 1 0 1 0 0 0 C
A 11 7 16 6 1 0 0 1 0 0 3 6 3 8 1 0 1 0 0 0 C
T 11 7 16 6 1 0 0 1 0 0 4 5 3 8 1 0 1 0 0 0 C
G 10 8 16 6 1 0 0 0 0 0 4 5 4 7 1 0 0 0 0 0 C
G 10 8 15 7 1 0 1 0 0 0 5 5 4 6 1 0 0 0 0 0 C
C 10 8 14 8 1 0 1 0 0 0 5 5 4 6 1 0 0 0 0 0 C
A 10 8 14 8 1 0 1 0 0 0 5 5 4 6 1 0 0 0 0 0 C
T 10 8 14 8 1 0 1 0 0 0 5 4 4 7 1 0 0 0 0 0 C
C 10 9 14 7 1 0 1 0 0 0 5 5 3 7 2 0 0 0 0 0 C
A 9 9 15 7 1 0 1 0 0 0 5 5 3 7 2 0 0 0 0 0 C
T 10 8 15 7 1 0 1 0 0 0 5 4 4 7 2 0 0 0 0 0 C
T 9 9 15 7 1 0 1 0 0 0 6 3 4 7 2 0 0 0 0 0 C
G 9 9 15 7 1 0 1 0 0 0 6 3 4 7 2 0 0 0 0 0 C
T 8 9 15 8 1 0 1 0 0 0 6 2 4 8 1 0 0 0 0 0 C
G 8 10 14 8 2 0 1 0 0 0 7 2 4 7 1 0 0 0 0 0 C
G 7 10 14 9 2 0 1 0 0 0 7 2 5 6 1 0 0 0 0 0 C
A 7 9 14 10 2 0 1 0 0 0 7 2 5 6 1 0 0 0 0 0 C
C 8 9 13 10 2 0 1 0 0 0 7 3 4 6 1 0 0 0 0 0 C
T 8 8 14 10 2 0 1 0 0 0 7 2 5 6 1 0 0 0 0 0 C
G 8 9 13 10 2 0 1 0 0 0 7 3 5 5 1 0 0 0 0 0 C
G 7 9 13 11 2 0 1 0 0 0 7 3 5 5 1 0 0 0 0 0 C
G 6 9 13 12 2 0 1 0 0 0 7 3 5 5 1 0 0 0 0 0 C
A 6 9 13 12 2 0 1 0 0 0 6 3 5 6 1 0 0 0 0 0 C
C 7 9 12 12 2 0 1 0 0 0 7 3 4 6 1 0 0 0 0 0 C
A 7 8 13 12 2 0 1 0 0 0 7 3 4 6 1 0 0 0 0 0 C
C 8 8 13 11 2 0 1 0 0 0 7 4 3 6 1 0 0 0 0 0 C
A 8 8 14 10 2 0 1 0 0 0 7 4 3 6 1 0 0 0 0 0 C
G 9 7 14 10 1 0 1 0 0 0 7 4 4 5 1 0 0 0 0 0 C
T 9 7 13 11 1 0 1 0 0 0 7 3 5 5 0 0 0 0 0 0 C
A 8 8 13 11 2 0 1 0 0 0 6 4 5 5 0 0 0 0 0 0 C
C 8 8 13 11 2 0 1 0 0 0 6 4 5 5 0 0 0 0 0 0 C
A 8 8 13 11 2 0 1 0 0 0 5 5 5 5 0 0 0 0 0 0 C
G 9 8 12 11 2 0 1 0 0 0 5 6 5 4 0 0 0 0 0 0 C
G 9 8 11 12 2 0 1 0 0 0 5 6 6 3 0 0 0 0 0 0 C
A 9 8 10 13 2 0 1 0 0 0 4 6 7 3 0 0 0 0 0 0 C
C 10 8 9 13 2 0 1 0 0 0 4 6 6 4 0 0 0 0 0 0 C
A 10 7 10 13 2 0 1 0 0 0 4 6 6 4 0 0 0 0 0 0 C
T 11 7 10 12 2 0 1 0 0 0 4 5 7 4 0 0 0 0 0 0 C
C 11 8 9 12 2 0 1 0 0 0 5 5 6 4 0 0 0 0 0 0 C
T 11 8 10 11 2 0 1 0 0 0 5 4 6 5 0 0 0 0 0 0 C
G 11 9 9 11 2 0 1 0 0 0 5 4 6 5 0 0 0 0 0 0 C
G 11 9 8 12 2 0 1 0 0 0 6 4 6 4 0 0 0 0 0 0 C
G 10 9 8 13 2 0 1 0 0 0 6 4 6 4 0 0 0 0 0 0 C
A 10 8 8 14 2 0 1 0 0 0 6 4 6 4 0 0 0 0 0 0 C
A 11 8 8 13 2 0 0 0 0 0 5 5 6 4 0 0 0 0 0 0 C
T 12 8 8 12 2 0 0 0 0 0 5 4 6 5 0 0 1 0 0 0 C
A 12 9 7 12 2 0 0 0 0 0 5 4 6 5 0 0 1 0 1 0 C
C 12 9 7 12 2 0 0 0 0 0 6 4 5 5 0 0 1 0 1 0 C
C 12 8 8 12 2 0 0 0 0 0 6 4 4 6 0 0 1 0 1 0 C
T 12 8 8 12 2 0 0 0 0 0 7 3 4 6 0 0 1 0 1 0 C
C 11 9 8 12 2 0 0 0 0 0 7 4 3 6 0 0 1 0 1 0 C
T 11 8 9 12 2 0 0 0 0 0 7 3 4 6 0 0 1 0 1 0 C
T 11 8 9 12 2 0 0 0 0 0 7 2 4 7 0 0 1 0 1 0 C
C 11 9 9 11 2 0 0 0 0 0 7 2 4 7 0 0 1 0 1 0 C
C 11 8 10 11 1 0 0 0 0 0 7 2 4 7 0 0 1 0 1 0 C
G 11 8 11 10 1 0 0 0 0 0 7 2 5 6 0 0 1 0 1 0 C
A 11 8 11 10 1 0 0 0 0 0 6 2 6 6 0 0 1 0 1 0 C
C 11 8 11 10 1 0 0 0 0 0 7 2 5 6 0 0 1 0 1 0 C
A 11 8 11 10 1 0 0 0 0 0 6 2 5 7 0 0 1 0 1 0 C
G 12 7 11 10 1 0 0 0 0 0 7 2 5 6 0 0 1 0 1 0 C
G 12 7 11 10 1 0 0 0 0 0 7 2 5 6 0 0 1 0 1 0 C
A 12 7 11 10 1 0 0 0 0 0 6 2 5 7 0 0 1 0 1 0 C
G 13 7 11 9 1 0 0 0 0 0 7 2 5 6 0 0 1 0 1 0 C
A 12 7 11 10 1 0 0 0 0 0 7 2 5 6 0 0 1 0 1 0 C
T 13 7 10 10 1 0 0 0 0 0 7 1 6 6 0 0 1 0 1 0 C
G 12 8 10 10 1 0 0 0 0 0 8 1 6 5 0 0 0 0 1 0 C
A 12 8 9 11 1 0 1 0 0 0 7 1 7 5 0 0 0 0 0 0 C
A 12 8 9 11 1 0 1 0 1 0 6 1 7 6 0 0 0 0 0 0 C
G 13 8 9 10 1 0 1 0 1 0 6 1 8 5 0 0 0 0 0 0 C
A 13 7 9 11 0 0 1 0 1 0 5 1 8 6 0 0 0 0 0 0 C
T 13 7 9 11 0 0 1 0 1 0 5 0 8 7 0 0 0 0 0 0 C
C 13 8 8 11 0 0 1 0 1 0 5 1 7 7 1 0 0 0 0 0 C
G 12 8 9 11 0 0 1 0 1 0 5 1 8 6 1 0 0 0 0 0 C
C 12 8 9 11 0 0 1 0 1 0 5 1 8 6 1 0 0 0 0 0 C
C 12 8 10 10 0 0 1 0 1 0 5 2 7 6 1 0 0 0 0 0 C
C 11 8 11 10 0 0 1 0 1 0 5 2 6 7 1 0 0 0 0 0 C
C 11 8 11 10 0 0 1 0 1 0 5 2 5 8 1 0 0 0 0 0 C
A 10 8 12 10 0 0 1 0 1 0 4 3 5 8 2 0 0 0 0 0 C
G 11 7 12 10 0 0 1 0 1 0 4 4 5 7 2 0 0 0 0 0 C
A 11 7 11 11 0 0 1 0 1 0 3 5 5 7 2 0 0 0 0 0 C
G 12 6 11 11 0 0 1 0 1 0 3 5 6 6 2 0 0 0 0 0 C
G 12 6 11 11 0 0 1 0 1 0 4 5 6 5 2 0 0 0 0 0 C
A 12 6 11 11 0 0 1 0 1 0 3 5 6 6 2 0 0 0 0 0 C
A 13 6 11 10 0 0 1 0 1 0 3 5 6 6 2 0 0 0 0 0 C
C 13 6 11 10 0 0 1 0 1 0 3 5 6 6 2 0 0 0 0 0 C
A 12 6 12 10 0 0 1 0 1 0 2 5 7 6 2 0 0 0 0 0 C
C 13 5 12 10 0 0 1 0 1 0 2 5 7 6 2 0 0 0 0 0 C
G 12 5 13 10 0 0 1 0 1 0 3 5 7 5 2 0 0 0 0 0 C
C 12 5 12 11 0 0 1 0 1 0 3 5 7 5 2 0 0 0 0 0 C
G 12 5 12 11 0 0 1 0 1 0 3 5 8 4 2 0 0 0 0 0 C
G 12 4 12 12 0 0 1 0 1 0 3 5 9 3 2 0 0 0 0 0 C
T 12 4 11 13 0 0 1 0 1 0 3 4 10 3 1 0 0 0 0 0 C
C 12 4 11 13 1 0 1 0 1 0 3 5 9 3 1 0 0 0 0 0 C
C 12 3 12 13 1 0 1 0 1 0 3 5 8 4 1 0 0 0 0 0 C
T 12 3 12 13 1 0 1 0 1 0 4 4 8 4 1 0 0 0 1 0 C
G 12 4 11 13 1 0 1 0 1 0 4 4 8 4 1 0 0 0 1 0 C
G 12 4 11 13 1 0 1 0 1 0 4 5 8 3 2 0 0 0 1 0 C
T 11 4 11 14 1 0 1 0 1 0 4 4 9 3 1 0 0 0 1 0 C
T 11 5 10 14 2 0 1 0 1 0 4 3 10 3 1 0 0 0 1 0 C
T 10 6 10 14 2 0 1 0 1 0 4 3 10 3 1 0 0 0 1 0 C
C 10 7 10 13 2 0 1 0 1 0 4 3 10 3 1 0 0 0 1 0 C
A 10 7 11 12 2 0 1 0 1 0 4 3 10 3 1 0 0 0 1 0 C
G 10 7 11 12 2 0 1 0 1 0 4 4 10 2 1 0 0 0 1 0 C
A 10 7 11 12 2 0 1 0 1 0 4 4 10 2 1 0 0 0 1 0 C
C 10 7 11 12 2 0 1 0 1 0 4 4 10 2 1 0 0 0 1 0 C
C 10 6 12 12 2 0 1 0 1 0 4 4 10 2 1 0 0 0 1 0 C
C 10 6 13 11 2 0 0 0 1 0 5 4 9 2 1 0 0 0 1 0 C
A 9 6 14 11 2 0 0 0 0 0 5 4 9 2 1 0 0 0 1 0 C
C 9 6 14 11 2 0 0 0 0 0 5 4 9 2 1 0 0 0 1 0 C
C 9 6 15 10 2 0 0 0 0 0 6 4 8 2 1 0 0 0 1 0 C
C 8 6 16 10 2 0 0 0 0 0 6 4 7 3 1 0 0 0 1 0 C
C 8 5 17 10 2 0 0 0 0 0 7 4 6 3 1 0 0 0 1 0 C
T 8 5 17 10 2 0 0 0 0 0 7 3 6 4 1 0 0 0 1 0 C
G 8 6 17 9 2 0 0 0 0 0 8 3 6 3 1 0 0 0 1 0 C
A 8 6 16 10 2 0 0 0 0 0 7 3 6 4 1 0 0 0 0 0 C
G 9 6 15 10 2 0 0 0 1 0 8 3 6 3 1 0 0 0 0 0 C
T 9 6 14 11 2 0 0 0 1 0 9 2 6 3 0 0 0 0 0 0 C
C 9 7 13 11 3 0 0 0 1 0 9 2 5 4 0 0 0 0 0 0 C
C 8 7 14 11 3 0 0 0 1 0 9 3 4 4 1 0 0 0 0 0 C
T 8 7 15 10 3 0 0 0 1 0 10 2 4 4 1 0 0 0 0 0 C
C 7 8 15 10 3 0 0 0 1 0 10 2 4 4 1 0 0 0 0 0 C
A 7 8 16 9 3 0 0 0 1 0 9 2 4 5 1 0 0 0 0 0 C
T 8 8 16 8 3 0 0 0 1 0 9 1 5 5 1 0 0 0 0 0 C
A 7 9 16 8 3 0 0 0 1 0 8 1 6 5 1 0 0 0 0 0 C
C 7 9 16 8 3 0 0 0 1 0 8 1 5 6 1 0 0 0 0 0 C
C 7 9 16 8 3 0 0 0 1 0 9 1 4 6 1 0 0 0 0 0 C
A 6 9 17 8 3 0 0 0 1 0 8 1 4 7 1 0 0 0 0 0 C
A 7 9 16 8 3 0 0 0 1 0 8 1 4 7 1 0 0 0 0 0 C
C 8 9 16 7 3 0 0 0 1 0 8 2 3 7 1 0 0 0 0 0 C
A 8 9 16 7 3 0 0 0 1 0 7 2 3 8 1 0 1 0 0 0 C
G 9 9 16 6 3 0 0 0 1 0 7 2 4 7 1 0 1 0 0 0 C
A 9 9 16 6 3 0 0 0 1 0 6 3 4 7 1 0 1 0 0 0 C
G 10 8 16 6 2 0 0 0 1 0 6 3 4 7 1 0 1 0 0 0 C
A 10 8 15 7 2 0 0 0 1 0 5 4 4 7 2 0 1 0 0 0 C
G 11 8 14 7 2 0 0 0 1 0 5 5 4 6 2 0 1 0 0 0 C
A 11 7 14 8 2 0 0 0 1 0 4 6 4 6 2 0 1 0 0 0 C
A 12 7 14 7 2 0 0 0 1 0 3 6 4 7 2 0 1 0 0 0 C
G 13 7 14 6 2 0 0 0 1 0 4 6 4 6 2 0 1 0 1 0 C
T 13 6 14 7 1 0 0 0 1 0 4 5 4 7 1 0 1 0 1 0 C
A 13 6 14 7 2 0 0 0 1 0 4 5 4 7 1 0 1 0 1 0 C
C 14 5 14 7 2 0 0 0 1 0 4 5 4 7 1 0 1 0 1 0 C
G 14 5 14 7 2 0 0 0 1 0 4 5 5 6 1 0 1 0 1 0 C
C 13 5 14 8 2 0 0 0 1 0 4 6 4 6 1 0 1 0 1 0 C
C 13 5 15 7 2 0 0 0 1 0 4 7 3 6 1 0 1 0 1 0 C
G 12 5 16 7 2 0 0 0 1 0 4 7 4 5 1 0 1 0 1 0 C
A 12 5 15 8 2 0 0 0 1 0 4 7 4 5 1 0 1 0 1 0 C
G 13 5 14 8 2 0 0 0 1 0 5 7 4 4 1 0 1 0 1 0 C
A 13 5 13 9 2 0 0 0 1 0 4 7 5 4 1 0 1 0 1 0 C
T 13 5 13 9 2 0 0 0 1 0 5 6 5 4 1 0 1 0 1 0 C
G 13 6 12 9 2 0 0 0 1 0 5 6 6 3 1 0 0 0 1 0 C
C 13 6 11 10 2 0 1 0 1 0 6 6 5 3 1 0 0 0 1 0 C
T 13 6 11 10 2 0 1 0 1 0 6 5 6 3 1 0 0 0 1 0 C
G 13 7 10 10 2 0 1 0 1 0 6 5 7 2 1 0 0 0 1 0 C
T 13 6 10 11 2 0 1 0 1 0 6 5 7 2 0 0 0 0 1 0 C
T 13 7 10 10 3 0 1 0 1 0 6 4 7 3 0 0 0 0 1 0 C
T 12 8 10 10 3 0 1 0 0 0 6 3 8 3 0 0 0 0 1 0 C
G 12 9 10 9 3 0 1 0 0 0 7 3 8 2 0 0 0 0 1 0 C
A 12 8 10 10 2 0 1 0 0 0 7 3 8 2 0 0 0 0 0 0 C
G 13 8 9 10 2 0 1 0 1 0 7 4 8 1 0 0 0 0 0 0 C
A 13 8 8 11 2 0 1 0 1 0 6 4 8 2 0 0 1 0 0 0 C
C 14 7 8 11 2 0 1 0 1 0 6 4 8 2 0 0 1 0 0 0 C
C 14 7 8 11 2 0 1 0 1 0 7 4 7 2 0 0 1 0 0 0 C
T 13 7 9 11 2 0 1 0 1 0 7 3 8 2 0 0 1 0 0 0 C
T 13 7 9 11 2 0 1 0 1 0 8 2 8 2 0 0 1 0 0 0 C
C 12 8 9 11 2 0 1 0 1 0 8 3 7 2 0 0 1 0 0 0 C
A 12 8 9 11 2 0 1 0 1 0 7 3 8 2 0 0 1 0 0 0 C
A 13 8 8 11 2 0 1 0 1 0 6 3 8 3 0 0 1 0 0 0 C
C 13 8 8 11 2 0 1 0 1 0 6 3 8 3 0 0 1 0 0 0 C
A 12 8 9 11 2 0 1 0 1 0 5 3 9 3 0 0 1 0 0 0 C
C 13 8 8 11 2 0 1 0 1 0 5 4 8 3 0 0 1 0 0 0 C
A 12 8 9 11 2 0 1 0 1 0 5 4 8 3 0 0 1 0 0 0 C
C 13 8 9 10 2 0 1 0 1 0 5 4 8 3 0 0 1 0 0 0 C
C 12 8 10 10 2 0 1 0 1 0 5 4 8 3 0 0 1 0 0 0 C
T 12 8 11 9 2 0 1 0 1 0 6 3 8 3 0 0 1 0 0 0 C
G 11 9 11 9 2 0 1 0 1 0 7 3 8 2 0 0 1 0 0 0 C
C 11 9 11 9 2 0 1 0 1 0 7 4 7 2 0 0 1 0 0 0 C
A 10 9 12 9 2 0 1 0 1 0 6 4 8 2 0 0 1 0 0 0 C
A 10 9 12 9 2 0 1 0 1 0 5 4 9 2 0 0 1 0 0 0 C
T 11 9 12 8 2 0 1 0 1 0 5 3 10 2 0 0 1 0 0 0 C
G 11 9 12 8 1 0 1 0 1 0 5 3 10 2 0 0 0 0 0 0 C
C 10 9 12 9 1 0 2 0 1 0 5 3 10 2 0 0 0 0 0 0 C
A 10 9 12 9 1 0 2 0 1 0 4 3 11 2 0 0 0 0 0 0 C
C 11 9 12 8 1 0 2 0 1 0 4 4 10 2 0 0 0 0 0 0 C
A 11 9 12 8 1 0 2 0 1 0 3 4 10 3 0 0 0 0 0 0 C
T 12 9 11 8 1 0 2 0 1 0 3 4 10 3 1 0 0 0 0 0 C
C 12 10 11 7 1 0 2 0 1 0 3 4 10 3 1 0 0 0 0 0 C
G 11 10 12 7 1 0 2 0 1 0 3 4 11 2 1 0 0 0 0 0 C
C 11 10 12 7 1 0 2 0 1 0 4 4 10 2 1 0 0 0 0 0 C
C 10 10 13 7 1 0 2 0 1 0 4 5 9 2 1 0 0 0 0 0 C
T 10 9 14 7 1 0 2 0 1 0 4 4 9 3 1 0 1 0 0 0 C
A 10 10 14 6 1 0 1 0 1 0 3 5 9 3 2 0 1 0 0 0 C
C 11 10 13 6 1 0 1 0 1 0 4 5 8 3 2 0 1 0 0 0 C
C 11 9 14 6 1 0 1 0 1 0 4 5 8 3 2 0 1 0 0 0 C
A 11 9 15 5 1 0 1 0 1 0 3 6 8 3 2 0 1 0 0 0 C
A 12 8 15 5 0 0 1 0 1 0 2 6 9 3 2 0 1 0 0 0 C
T 13 7 15 5 0 0 1 0 1 0 2 5 10 3 2 0 1 0 0 0 C
C 13 7 15 5 0 0 1 0 1 0 2 6 9 3 2 0 1 0 0 0 C
C 13 7 16 4 0 0 1 0 1 0 3 6 8 3 2 0 1 0 0 0 C
C 12 7 17 4 0 0 1 0 0 0 3 6 8 3 2 0 1 0 0 0 C
G 12 7 18 3 0 0 1 0 0 0 3 6 8 3 2 0 1 0 0 0 C
C 11 7 18 4 0 0 1 0 0 0 3 6 7 4 2 0 1 0 0 0 C
C 11 7 18 4 0 0 1 0 0 0 4 6 6 4 2 0 1 0 0 0 C
T 11 7 18 4 0 0 1 0 0 0 4 5 7 4 2 0 1 0 0 0 C
G 11 7 18 4 0 0 1 0 0 0 4 5 7 4 2 0 1 0 0 0 C
T 11 6 18 5 0 0 1 0 0 0 4 4 8 4 1 0 1 0 0 0 C
C 11 7 17 5 1 0 1 0 0 0 5 4 7 4 1 0 1 0 0 0 C
C 10 7 18 5 1 0 1 0 0 0 5 4 7 4 1 0 1 0 0 0 C
A 9 7 19 5 1 0 1 0 0 0 4 4 8 4 1 0 1 0 0 0 C
T 10 7 18 5 1 0 1 0 0 0 4 4 8 4 1 0 1 0 0 0 C
G 9 8 18 5 1 0 1 0 0 0 4 4 9 3 1 0 0 0 0 0 C
T 9 8 17 6 1 0 2 0 0 0 4 4 9 3 0 0 0 0 0 0 C
A 8 9 17 6 2 0 2 0 0 0 3 4 9 4 0 0 0 0 0 0 C
C 9 9 16 6 2 0 2 0 0 0 3 4 8 5 0 0 0 0 0 0 C
T 9 9 16 6 2 0 2 0 0 0 3 3 9 5 0 0 0 0 0 0 C
C 9 9 16 6 2 0 2 0 0 0 3 3 9 5 0 0 0 0 0 0 C
C 9 9 17 5 2 0 2 0 0 0 3 4 8 5 0 0 0 0 0 0 C
T 9 9 17 5 2 0 2 0 0 0 3 3 8 6 0 0 0 0 0 0 C
A 8 10 17 5 2 0 2 0 0 0 2 3 8 7 0 0 0 0 0 0 C
C 8 10 17 5 2 0 2 0 0 0 2 4 7 7 1 0 0 0 0 0 C
G 8 9 18 5 2 0 2 0 0 0 2 4 7 7 1 0 0 0 0 0 C
G 8 9 18 5 2 0 1 0 0 0 2 4 7 7 1 0 0 0 0 0 C
A 8 9 17 6 2 0 1 0 0 0 1 5 7 7 2 0 0 0 0 0 C
C 8 9 17 6 2 0 1 0 0 0 1 5 6 8 2 0 0 0 0 0 C
G 8 9 17 6 2 0 1 0 0 0 1 5 6 8 2 0 0 0 0 0 C
C 7 9 17 7 2 0 1 0 0 0 2 5 5 8 2 0 0 0 0 0 C
A 7 8 18 7 2 0 1 0 0 0 1 5 5 9 2 0 0 0 0 0 C
C 8 8 17 7 2 0 1 0 0 0 1 5 4 10 2 0 0 0 0 0 C
C 8 8 18 6 2 0 1 0 0 0 1 6 3 10 3 0 0 0 0 0 C
T 8 8 18 6 2 0 1 0 0 0 1 6 3 10 3 0 0 0 0 0 C
C 8 9 17 6 2 0 1 0 0 0 1 6 2 11 3 0 0 0 0 0 C
T 8 8 18 6 2 0 1 0 0 0 1 5 2 12 3 0 0 0 0 0 C
G 7 9 18 6 2 0 1 0 0 0 2 5 2 11 3 0 0 0 0 0 C
G 7 9 17 7 2 0 1 0 0 0 2 5 3 10 3 0 0 0 0 0 C
C 7 9 16 8 2 0 1 0 0 0 3 5 2 10 3 0 0 0 0 0 C
C 6 9 17 8 2 0 1 0 0 0 3 6 1 10 3 0 0 0 0 0 C
T 5 9 18 8 2 0 1 0 0 0 3 5 1 11 3 0 1 0 0 0 C
G 5 9 18 8 2 0 1 0 0 0 3 5 1 11 3 0 1 0 0 0 C
G 5 9 17 9 2 0 1 0 0 0 3 6 1 10 4 0 1 0 0 0 C
T 5 9 16 10 2 0 1 0 0 0 3 5 1 11 3 0 1 0 0 0 C
G 5 10 15 10 3 0 1 0 0 0 3 6 1 10 4 0 1 0 0 0 C
G 5 10 15 10 3 0 1 0 0 0 3 6 1 10 4 0 1 0 0 0 C
T 5 10 14 11 3 0 1 0 0 0 3 6 1 10 4 0 1 0 0 0 C
G 5 11 13 11 4 0 1 0 0 0 3 6 2 9 4 0 1 0 0 0 C
G 5 10 13 12 4 0 1 0 0 0 3 6 3 8 4 0 1 0 0 0 C
A 5 10 13 12 4 0 1 0 0 0 2 7 3 8 4 0 1 0 0 0 C
G 6 9 13 12 3 0 1 0 0 0 3 7 3 7 4 0 1 0 0 0 C
G 6 9 12 13 3 0 1 0 0 0 3 8 3 6 4 0 1 0 0 0 C
T 6 9 11 14 3 0 1 0 0 0 3 7 3 7 3 0 2 0 0 0 C
T 5 10 11 14 4 0 1 0 0 0 3 7 3 7 4 0 2 0 0 0 C
G 5 10 11 14 4 0 1 0 0 0 3 7 3 7 4 0 2 0 0 0 C
G 5 10 11 14 4 0 0 0 0 0 3 7 3 7 4 0 2 0 0 0 C
A 5 9 11 15 3 0 0 0 0 0 2 8 3 7 5 0 2 0 0 0 C
C 5 9 11 15 3 0 0 0 0 0 2 8 3 7 5 0 2 0 0 0 C
A 5 9 11 15 3 0 0 0 0 0 1 8 4 7 5 0 2 0 0 0 C
T 6 8 11 15 3 0 0 0 0 0 1 7 5 7 5 0 2 0 0 0 C
G 6 9 10 15 3 0 0 0 0 0 1 7 6 6 5 0 1 0 0 0 C
G 6 9 9 16 3 0 1 0 0 0 2 7 6 5 5 0 1 0 0 0 C
T 6 8 9 17 3 0 1 0 0 0 2 7 6 5 4 0 1 0 0 0 C
G 5 9 9 17 4 0 1 0 0 0 2 7 7 4 4 0 1 0 0 0 C
T 5 9 8 18 4 0 1 0 0 0 2 7 7 4 3 0 1 0 0 0 C
G 5 10 8 17 5 0 1 0 0 0 3 7 7 3 3 0 1 0 0 0 C
T 5 10 8 17 5 0 1 0 0 0 3 7 7 3 2 0 1 0 0 0 C
C 4 11 8 17 6 0 1 0 0 0 3 7 6 4 2 0 2 0 0 0 C
C 4 11 8 17 6 0 1 0 0 0 4 7 5 4 2 0 2 0 1 0 C
T 4 11 9 16 6 0 1 0 0 0 4 6 5 5 2 0 2 0 1 0 C
A 4 12 8 16 6 0 1 0 0 0 3 6 5 6 2 0 2 0 1 0 C
T 4 12 8 16 6 0 1 0 0 0 3 5 5 7 2 0 2 0 1 0 C
G 4 13 7 16 6 0 1 0 0 0 3 6 5 6 3 0 1 0 1 0 C
T 4 13 6 17 6 0 2 0 0 0 3 6 5 6 2 0 1 0 1 0 C
G 4 13 6 17 7 0 2 0 0 0 4 6 5 5 2 0 1 0 1 0 C
G 4 13 5 18 7 0 2 0 0 0 4 7 5 4 2 0 1 0 1 0 C
T 4 12 5 19 7 0 2 0 0 0 4 6 6 4 1 0 1 0 1 0 C
C 4 13 5 18 8 0 2 0 0 0 4 6 6 4 1 0 1 0 1 0 C
C 4 13 6 17 8 0 2 0 0 0 4 7 5 4 1 0 1 0 1 0 C
C 4 13 6 17 8 0 2 0 0 0 4 8 4 4 1 0 1 0 1 0 C
C 4 13 6 17 8 0 2 0 0 0 4 9 3 4 1 0 1 0 1 0 C
A 4 12 7 17 8 0 2 0 0 0 3 9 3 5 1 0 1 0 1 0 C
T 5 12 7 16 8 0 2 0 0 0 3 8 4 5 1 0 1 0 1 0 C
C 5 13 7 15 8 0 2 0 0 0 3 8 4 5 1 0 1 0 1 0 C
T 5 12 8 15 7 0 2 0 0 0 3 7 5 5 1 0 1 0 1 0 C
A 5 13 8 14 7 0 2 0 0 0 3 7 5 5 1 0 1 0 1 0 C
T 6 13 8 13 7 0 2 0 0 0 3 6 5 6 1 0 1 0 1 0 C
G 6 13 8 13 6 0 2 0 0 0 3 6 6 5 1 0 0 0 1 0 C
A 6 13 8 13 6 0 3 0 0 0 3 6 6 5 1 0 0 0 0 0 C
G 7 13 8 12 6 0 3 0 1 0 3 7 6 4 1 0 0 0 0 0 C
G 6 13 8 13 6 0 3 0 1 0 3 7 7 3 1 0 0 0 0 0 C
G 6 13 8 13 6 0 3 0 1 0 4 7 7 2 1 0 0 0 0 0 C
T 6 13 8 13 6 0 3 0 1 0 4 6 8 2 0 0 0 0 0 0 C
T 6 13 8 13 6 0 3 0 1 0 4 5 8 3 0 0 0 0 0 0 C
A 6 13 8 13 6 0 3 0 1 0 3 5 8 4 0 0 0 0 0 0 C
T 7 13 8 12 6 0 3 0 1 0 3 4 8 5 0 0 0 0 0 0 C
C 7 14 8 11 6 0 3 0 1 0 3 4 7 6 0 0 0 0 0 0 C
C 6 14 9 11 6 0 3 0 1 0 4 4 6 6 0 0 0 0 0 0 C
T 6 14 9 11 6 0 3 0 1 0 4 3 6 7 0 0 0 0 0 0 C
T 5 15 9 11 6 0 3 0 1 0 4 2 6 8 0 0 0 0 0 0 C
T 5 15 9 11 6 0 3 0 1 0 4 1 7 8 0 0 0 0 0 0 C
G 5 16 9 10 6 0 2 0 1 0 4 2 7 7 0 0 0 0 0 0 C
C 5 16 9 10 6 0 2 0 1 0 5 2 6 7 0 0 0 0 0 0 C
C 5 15 10 10 5 0 2 0 1 0 5 2 5 8 0 0 0 0 0 1 C
C 5 15 11 9 5 0 2 0 1 0 6 2 4 8 0 0 0 0 0 1 C
A 5 14 12 9 4 0 2 0 1 0 5 2 5 8 0 0 0 0 0 1 C
G 6 14 12 8 4 0 2 0 1 0 5 3 5 7 0 0 0 0 0 1 C
C 6 13 12 9 3 0 2 0 1 0 6 3 4 7 0 0 0 0 0 1 C
A 6 13 12 9 3 0 2 0 1 0 5 3 5 7 0 0 0 0 0 1 C
T 7 13 11 9 3 0 2 0 1 0 5 2 5 8 0 0 0 0 0 1 C
C 7 13 11 9 3 0 2 0 1 0 5 2 5 8 0 0 0 0 0 1 C
A 6 13 12 9 3 0 2 0 1 0 5 2 5 8 0 0 0 0 0 1 C
C 7 12 12 9 3 0 2 0 1 0 5 2 4 9 0 0 0 0 0 1 C
G 7 12 13 8 3 0 1 0 1 0 5 2 4 9 0 0 0 0 0 1 C
G 7 11 13 9 2 0 1 0 1 0 5 3 4 8 1 0 0 0 0 1 C
G 7 11 13 9 2 0 1 0 1 0 5 4 4 7 1 0 0 0 0 1 C
G 7 11 13 9 2 0 1 0 1 0 5 4 5 6 1 0 0 0 0 1 C
A 7 10 13 10 1 0 1 0 1 0 4 5 5 6 1 0 0 0 0 1 C
G 8 10 12 10 1 0 1 0 1 0 4 5 5 6 1 0 0 0 0 1 C
G 8 10 11 11 1 0 1 0 1 0 5 5 5 5 1 0 0 0 1 1 C
C 8 10 10 12 1 0 1 0 1 0 5 5 5 5 1 0 0 0 1 1 C
T 8 10 10 12 1 0 1 0 1 0 5 4 6 5 1 0 0 0 1 1 C
A 7 11 10 12 1 0 1 0 1 0 4 5 6 5 1 0 0 0 1 1 C
G 8 10 10 12 1 0 1 0 1 0 5 5 6 4 1 0 0 0 1 0 C
A 8 10 9 13 1 0 1 0 1 1 5 5 6 4 1 0 0 1 1 0 C
C 9 9 9 13 1 0 1 0 1 1 5 5 6 4 1 0 0 1 1 0 C
T 8 9 10 13 1 0 1 0 1 1 5 4 6 5 1 0 0 1 1 0 C
A 8 9 10 13 1 0 1 0 1 1 5 4 6 5 1 0 0 1 1 0 C
C 9 9 10 12 1 0 0 0 1 1 5 4 6 5 1 0 0 1 1 0 C
G 8 9 11 12 1 0 0 0 0 1 5 4 7 4 1 0 0 1 1 0 C
C 8 9 11 12 1 0 0 0 0 1 5 5 6 4 1 0 0 1 1 0 C
A 8 9 12 11 1 0 0 0 0 1 5 5 6 4 1 0 0 1 1 0 C
G 9 9 12 10 1 0 0 0 0 1 5 5 7 3 1 0 0 1 1 0 C
G 9 8 12 11 0 0 0 0 0 1 5 5 8 2 1 0 0 1 1 0 C
T 9 7 12 12 0 0 0 0 0 1 5 5 8 2 0 0 0 1 1 0 C
T 8 8 12 12 1 0 0 0 0 1 5 4 8 3 0 0 0 1 1 0 C
C 8 8 12 12 1 0 0 0 0 1 6 4 7 3 0 0 0 1 2 0 C
T 8 8 12 12 1 0 0 0 0 1 6 4 7 3 0 0 0 1 2 0 C
G 8 9 11 12 1 0 0 0 0 1 6 4 7 3 0 0 1 1 2 0 C
A 8 8 11 13 1 0 0 0 0 1 6 4 7 3 0 0 1 1 2 0 C
C 9 7 11 13 1 0 0 0 1 1 7 4 6 3 0 0 1 1 2 0 C
C 9 6 12 13 1 0 0 0 1 1 7 4 6 3 0 0 1 1 2 0 C
T 9 6 13 12 1 0 0 0 1 1 7 3 7 3 0 0 1 1 2 0 C
A 9 7 12 12 1 0 0 0 1 1 6 4 7 3 0 0 1 1 2 0 C
A 10 7 11 12 1 0 0 0 1 1 5 4 7 4 0 0 1 0 2 0 C
C 11 7 10 12 1 0 0 1 1 1 6 4 6 4 0 0 1 0 3 0 C
G 10 7 11 12 1 0 0 1 1 1 6 5 6 3 0 0 1 0 3 0 C
A 10 7 11 12 1 0 0 1 1 1 5 5 6 4 0 0 2 0 3 0 C
C 11 7 10 12 1 0 0 1 1 1 6 5 5 4 0 0 2 0 4 0 C
C 10 7 11 12 1 0 0 1 1 1 7 5 4 4 0 0 2 0 4 0 C
T 10 6 12 12 1 0 0 1 1 1 7 4 5 4 0 0 2 0 4 0 C
A 10 7 11 12 1 0 0 1 1 1 7 4 5 4 0 0 2 0 4 0 C
C 10 7 11 12 1 0 0 1 1 1 8 4 4 4 0 0 2 0 4 0 C
C 10 7 11 12 1 0 0 1 1 1 8 4 4 4 0 0 2 0 4 0 C
T 10 7 12 11 1 0 0 1 1 1 8 4 4 4 0 0 2 0 4 0 C
G 10 8 12 10 1 0 0 1 1 1 8 4 5 3 0 0 2 0 4 0 C
A 10 8 12 10 1 0 0 1 1 1 7 5 5 3 0 0 2 0 3 0 C
T 11 8 12 9 1 0 0 1 2 1 7 4 5 4 0 0 2 0 3 0 C
G 10 9 12 9 1 0 0 1 2 1 7 4 5 4 0 0 1 0 3 0 C
A 10 9 12 9 1 0 1 1 2 1 7 4 5 4 0 0 1 0 2 0 C
A 11 9 12 8 1 0 1 1 3 1 7 4 5 4 0 0 1 0 2 0 C
C 12 9 11 8 1 0 1 1 3 1 8 4 4 4 0 0 1 0 2 0 C
C 12 8 12 8 1 0 1 1 3 1 9 4 3 4 0 0 1 0 2 0 C
T 11 8 13 8 1 0 1 1 3 1 9 3 4 4 0 0 1 0 2 0 C
G 11 9 13 7 1 0 1 1 3 0 10 3 4 3 0 0 1 0 2 0 C
A 10 9 13 8 1 0 1 1 3 0 9 3 5 3 0 0 1 0 1 0 C
T 11 9 12 8 1 0 1 1 4 0 9 3 5 3 0 0 1 0 1 0 C
G 11 9 12 8 1 0 1 1 4 0 9 4 5 2 0 0 0 0 1 0 C
A 10 9 12 9 1 0 2 1 4 0 8 4 6 2 0 0 0 0 0 0 C
A 11 9 11 9 1 0 2 1 5 0 7 5 6 2 0 0 0 0 0 0 C
C 12 9 11 8 1 0 2 1 5 0 7 5 6 2 0 0 0 0 0 0 C
A 12 9 11 8 1 0 2 1 5 0 6 6 6 2 0 0 0 0 0 0 C
A 12 9 11 8 1 0 2 1 5 0 5 6 6 3 0 0 0 0 0 0 C
C 13 9 11 7 1 0 2 1 5 0 6 6 5 3 0 0 0 0 1 0 C
T 13 9 12 6 1 0 2 1 5 0 6 5 5 4 0 0 0 0 1 0 C
C 13 9 12 6 0 0 2 1 5 0 6 5 4 5 0 0 0 0 1 0 C
T 13 8 13 6 0 0 2 1 5 0 7 4 4 5 0 0 0 0 1 0 C
G 13 9 12 6 0 0 2 1 5 0 7 4 5 4 0 0 0 0 1 0 C
G 13 8 12 7 0 0 2 1 5 0 7 4 6 3 0 0 0 0 1 0 C
A 13 8 12 7 0 0 2 1 5 0 7 4 6 3 0 0 0 0 1 0 C
A 13 8 12 7 0 0 2 1 4 0 6 5 6 3 0 0 0 0 1 0 C
A 14 8 11 7 0 0 2 1 4 0 5 5 7 3 0 0 0 0 1 0 C
A 15 8 10 7 0 0 2 1 4 0 4 6 7 3 0 0 0 0 1 0 C
C 16 7 10 7 0 0 2 1 4 0 4 6 7 3 0 0 0 0 1 0 C
A 15 7 11 7 0 0 2 1 4 0 3 6 7 4 0 0 0 0 1 0 C
C 15 7 11 7 0 0 2 0 4 0 3 6 6 5 0 0 0 0 1 0 C
T 15 7 11 7 0 0 2 0 4 0 3 6 6 5 1 0 0 0 1 0 C
T 15 8 11 6 0 0 2 0 4 0 4 5 6 5 1 0 0 0 1 0 C
C 14 9 11 6 0 0 2 0 4 0 4 6 5 5 1 0 0 0 1 0 C
T 14 9 11 6 0 0 2 0 4 0 4 6 5 5 1 0 0 0 1 0 C
C 14 10 10 6 0 0 2 0 4 0 4 6 4 6 1 0 0 0 1 0 C
T 14 9 11 6 0 0 2 0 4 0 4 6 4 6 2 0 0 0 1 0 C
G 13 10 11 6 0 0 2 0 4 0 4 6 4 6 2 0 0 0 1 0 C
A 13 10 10 7 0 0 2 0 4 0 3 6 4 7 2 0 0 0 0 0 C
G 14 10 9 7 0 0 2 0 5 0 4 6 4 6 2 0 0 0 0 0 C
G 14 9 9 8 0 0 2 0 5 0 4 6 4 6 2 0 0 0 0 0 C
A 14 9 9 8 0 0 2 0 5 0 3 6 4 7 2 0 0 0 0 0 C
C 14 9 9 8 0 0 2 0 4 0 4 6 3 7 2 0 0 0 0 0 C
C 14 8 10 8 0 0 2 0 4 0 4 6 3 7 2 0 0 0 0 0 C
A 14 8 11 7 0 0 1 0 4 0 4 6 3 7 2 0 0 0 0 0 C
T 14 8 11 7 0 0 1 0 3 0 4 6 3 7 2 0 0 0 0 0 C
C 13 9 11 7 0 0 1 0 3 0 4 6 3 7 2 0 0 0 0 0 C
T 13 9 11 7 0 0 1 0 3 0 5 5 3 7 2 0 0 0 0 0 C
C 13 10 10 7 0 0 1 0 3 0 6 5 2 7 2 0 0 0 0 0 C
G 13 9 11 7 0 0 1 0 3 0 6 5 2 7 2 0 0 0 0 0 C
G 13 9 11 7 0 0 1 0 3 0 7 5 2 6 2 0 0 0 0 0 C
T 12 9 11 8 0 0 1 0 2 0 7 4 3 6 1 0 0 0 0 0 C
A 12 9 11 8 1 0 1 0 2 0 6 4 3 7 1 0 0 0 0 0 C
T 13 9 11 7 1 0 0 0 2 0 7 3 3 7 1 0 0 0 0 0 C
T 12 10 11 7 1 0 0 0 1 0 7 2 3 8 1 0 0 0 0 0 C
G 11 11 11 7 1 0 0 0 1 0 7 2 3 8 1 0 0 0 0 0 C
T 11 11 10 8 1 0 0 0 1 0 7 2 3 8 1 0 0 0 0 0 C
G 10 12 10 8 2 0 0 0 1 0 7 2 3 8 1 0 0 0 0 0 C
G 9 12 10 9 2 0 0 0 1 0 7 2 4 7 1 0 0 0 0 0 C
A 9 12 9 10 2 0 0 0 1 0 6 3 4 7 1 0 0 0 0 0 C
G 10 11 9 10 2 0 0 0 1 0 6 3 4 7 1 0 0 0 0 0 C
G 10 11 8 11 2 0 0 0 1 0 6 3 5 6 1 0 0 0 0 0 C
A 10 10 8 12 2 0 0 0 1 0 5 4 5 6 1 0 0 0 0 0 C
C 11 10 8 11 2 0 0 0 1 0 5 5 4 6 1 0 0 0 0 0 C
A 11 10 9 10 2 0 0 0 1 0 4 5 5 6 1 0 0 0 0 0 C
T 11 10 9 10 2 0 0 0 1 0 4 4 5 7 1 0 0 0 0 0 C
C 10 11 9 10 2 0 0 0 1 0 4 5 4 7 2 0 0 0 0 0 C
A 9 11 10 10 2 0 0 0 1 0 3 5 4 8 2 0 0 0 0 0 C
A 9 11 10 10 2 0 0 0 1 0 2 5 4 9 2 0 0 0 0 0 C
G 10 11 9 10 2 0 0 0 1 0 2 5 5 8 2 0 0 0 0 0 C
A 9 11 9 11 2 0 0 0 1 0 1 5 6 8 2 0 0 0 0 0 C
C 10 11 8 11 2 0 0 0 1 0 1 5 6 8 2 0 0 0 0 0 C
G 10 10 9 11 2 0 0 0 1 0 1 6 6 7 2 0 0 0 0 0 C
A 10 9 9 12 2 0 0 0 1 0 0 6 6 8 2 0 0 0 0 0 C
G 11 9 8 12 2 0 0 0 1 0 0 6 6 8 2 0 0 0 0 0 C
G 11 8 8 13 2 0 0 0 1 0 1 6 6 7 2 0 0 0 0 0 C
T 11 8 7 14 2 0 0 0 1 0 1 5 7 7 1 0 0 0 0 0 C
G 11 8 7 14 3 0 0 0 1 0 1 5 8 6 1 0 0 0 0 0 C
C 11 8 7 14 3 0 0 0 1 0 1 5 8 6 1 0 0 0 0 0 C
T 10 8 8 14 3 0 0 0 0 0 1 4 9 6 1 0 0 0 0 0 C
G 10 9 8 13 3 0 0 0 0 0 2 4 9 5 1 0 0 0 0 0 C
C 10 9 8 13 3 0 0 0 0 0 2 5 8 5 1 0 0 0 0 0 C
T 9 9 9 13 3 0 0 0 0 0 2 5 8 5 1 0 0 0 0 0 C
T 9 10 8 13 3 0 0 0 0 0 2 4 8 6 1 0 0 0 0 0 C
C 9 11 7 13 3 0 0 0 0 0 3 4 7 6 1 0 0 0 1 0 C
G 8 11 8 13 3 0 0 0 0 0 4 4 7 5 1 0 0 0 1 0 C
T 8 10 8 14 3 0 0 0 0 0 4 3 7 6 0 0 0 0 1 0 C
G 8 11 7 14 4 0 0 0 0 0 5 3 7 5 0 0 0 0 1 0 C
G 8 10 7 15 4 0 0 0 0 0 5 3 7 5 0 0 0 0 1 0 C
C 8 10 6 16 4 0 0 0 0 0 6 3 6 5 0 0 0 0 1 0 C
C 8 10 7 15 4 0 0 0 0 0 7 3 5 5 0 0 0 0 1 0 C
C 8 10 8 14 4 0 0 0 0 0 7 3 4 6 0 0 0 0 1 0 C
T 8 9 9 14 3 0 0 0 0 0 8 2 4 6 0 0 0 0 1 0 C
G 7 10 9 14 3 0 0 0 0 0 9 2 4 5 0 0 0 0 1 0 C
G 7 9 9 15 3 0 0 0 0 0 10 2 4 4 0 0 0 0 1 0 C
A 7 8 9 16 3 0 0 0 0 0 10 2 4 4 0 0 0 0 1 0 C
C 8 8 9 15 3 0 0 0 0 0 10 3 3 4 0 0 0 0 1 0 C
C 8 7 10 15 2 0 0 0 0 0 10 3 3 4 0 0 0 0 1 0 C
C 8 7 11 14 2 0 0 0 0 0 10 3 3 4 0 0 0 0 1 0 C
C 8 7 12 13 2 0 0 0 0 0 10 3 3 4 0 0 0 0 1 0 C
A 7 7 13 13 2 0 0 0 0 0 9 4 3 4 0 0 0 0 1 0 C
T 8 7 13 12 2 0 0 0 0 0 9 3 3 5 0 0 0 0 1 0 C
T 8 8 13 11 2 0 0 0 0 0 9 2 4 5 0 0 0 0 1 0 C
G 7 9 13 11 2 0 0 0 0 0 9 2 5 4 0 0 0 0 1 0 C
A 7 9 12 12 2 0 0 0 0 0 8 2 6 4 0 0 0 0 0 0 C
A 7 9 12 12 2 0 0 0 1 0 7 2 7 4 0 0 0 0 0 0 C
G 8 8 12 12 2 0 0 0 1 0 7 3 7 3 0 0 0 0 0 0 C
A 8 8 11 13 2 0 0 0 1 0 6 3 7 4 0 0 0 0 0 0 C
G 8 8 11 13 2 0 0 0 1 0 7 3 7 3 0 0 0 0 1 0 C
A 7 8 11 14 2 0 0 0 1 0 7 3 7 3 0 0 0 0 1 0 C
A 8 8 11 13 2 0 0 0 1 0 6 3 8 3 0 0 0 0 1 0 C
G 8 8 11 13 2 0 0 0 1 0 7 3 8 2 0 0 0 0 1 0 C
A 8 8 10 14 2 0 0 0 1 0 6 4 8 2 0 0 0 0 1 0 C
A 9 8 10 13 2 0 0 0 1 0 5 4 8 3 0 0 1 0 1 0 C
A 9 8 10 13 2 0 0 0 1 0 5 4 8 3 0 0 1 0 2 0 C
A 10 8 10 12 2 0 0 0 1 0 4 4 8 4 0 0 1 0 2 0 C
T 11 8 10 11 2 0 0 0 1 0 5 3 8 4 0 0 1 0 2 0 C
C 11 8 10 11 1 0 0 0 1 0 5 4 7 4 0 0 1 0 2 0 C
C 11 8 11 10 1 0 0 0 1 0 5 4 7 4 0 0 1 0 2 0 C
C 11 8 11 10 1 0 0 0 1 0 5 4 7 4 0 0 1 0 2 0 C
T 11 7 12 10 1 0 0 0 1 0 6 3 7 4 0 0 1 0 2 0 C
G 11 8 12 9 1 0 0 0 1 0 6 4 7 3 0 0 1 0 2 0 C
C 11 8 11 10 1 0 0 0 1 0 6 5 6 3 0 0 1 0 2 0 C
C 11 7 12 10 1 0 0 0 1 0 7 5 5 3 0 0 1 0 2 0 C
C 11 6 13 10 1 0 0 0 1 0 7 6 4 3 0 0 1 0 2 0 C
C 11 6 13 10 1 0 0 0 1 0 8 6 3 3 0 0 1 0 2 0 C
T 11 6 14 9 1 0 0 0 1 0 8 5 4 3 0 0 1 0 2 0 C
G 11 6 14 9 0 0 0 0 1 0 8 5 5 2 0 0 1 0 2 0 C
A 11 6 14 9 0 0 0 0 1 0 7 5 6 2 0 0 1 0 1 0 C
A 12 6 14 8 0 0 0 0 2 0 6 6 6 2 0 0 1 0 1 0 C
C 13 6 13 8 0 0 0 0 2 0 6 6 5 3 0 0 1 0 1 0 C
A 13 6 13 8 0 0 0 0 2 0 5 6 6 3 0 0 1 0 1 0 C
T 14 6 12 8 0 0 0 0 2 0 5 5 7 3 0 0 1 0 1 0 C
G 14 6 12 8 0 0 0 0 2 0 5 6 7 2 0 0 0 0 1 0 C
A 14 6 12 8 0 0 1 0 2 0 4 6 7 3 0 0 0 0 0 0 C
G 15 6 12 7 0 0 1 0 3 0 5 6 7 2 0 0 0 0 1 0 C
A 14 6 12 8 0 0 1 0 3 0 4 7 7 2 0 0 0 0 1 0 C
T 15 6 11 8 0 0 1 0 3 0 4 6 7 3 0 0 1 0 1 0 C
C 15 7 10 8 0 0 1 0 3 0 4 6 6 4 0 0 1 0 1 0 C
C 15 7 10 8 0 0 1 0 3 0 4 6 5 5 0 0 1 0 1 0 C
A 15 7 10 8 0 0 1 0 3 0 4 6 5 5 0 0 1 0 1 0 C
T 15 7 10 8 0 0 1 0 3 0 5 5 5 5 0 0 1 0 1 0 C
T 15 7 10 8 0 0 1 0 3 0 6 4 5 5 0 0 1 0 1 0 C
A 15 7 10 8 0 0 1 0 3 0 5 4 5 6 0 0 1 0 1 0 C
T 16 7 10 7 0 0 1 0 3 0 6 3 5 6 0 0 1 0 1 0 C
A 15 8 10 7 0 0 1 0 2 0 5 3 5 7 0 0 1 0 1 0 C
C 15 8 10 7 0 0 1 0 2 0 6 3 4 7 0 0 1 0 1 0 C
C 15 8 11 6 0 0 1 0 2 0 6 4 3 7 0 0 1 0 1 0 C
C 14 8 12 6 0 0 1 0 2 0 6 4 3 7 0 0 1 0 1 0 C
T 14 8 13 5 0 0 1 0 2 0 6 3 4 7 0 0 1 0 1 0 C
G 13 9 13 5 0 0 1 0 2 0 6 3 4 7 0 0 1 0 1 0 C
C 12 9 13 6 0 0 1 0 2 0 6 4 3 7 1 0 1 0 1 0 C
C 12 9 14 5 0 0 1 0 2 0 6 4 3 7 1 0 1 0 1 0 C
T 11 9 15 5 0 0 1 0 2 0 6 4 3 7 1 0 1 0 1 0 C
G 10 10 15 5 0 0 1 0 2 0 6 4 3 7 1 0 1 0 1 0 C
A 9 10 15 6 0 0 1 0 2 0 5 4 3 8 1 0 1 0 0 0 C
T 9 10 15 6 0 0 1 0 3 0 5 3 3 9 1 0 1 0 0 0 C
G 9 10 15 6 0 0 1 0 3 0 5 4 3 8 2 0 0 0 0 0 C
G 9 10 14 7 0 0 2 0 3 0 5 4 4 7 2 0 0 0 0 0 C
G 9 10 13 8 0 0 2 0 3 0 6 4 4 6 2 0 0 0 0 0 C
A 9 10 12 9 0 0 2 0 3 0 5 4 4 7 2 0 0 0 0 0 C
A 10 9 12 9 0 0 2 0 3 0 4 4 4 8 2 0 0 0 0 0 C
A 11 9 12 8 0 0 2 0 3 0 4 4 4 8 2 0 0 0 0 0 C
G 12 9 11 8 0 0 2 0 3 0 4 4 4 8 2 0 0 0 0 0 C
A 12 9 10 9 0 0 2 0 3 0 4 4 4 8 2 0 0 0 0 0 C
G 13 9 9 9 0 0 2 0 3 0 4 4 4 8 2 0 0 0 0 0 C
A 13 9 8 10 0 0 2 0 3 0 3 4 4 9 2 0 0 0 0 0 C
T 14 8 8 10 0 0 2 0 3 0 3 4 4 9 3 0 0 0 0 0 C
C 14 9 8 9 0 0 2 0 3 0 3 5 3 9 3 0 0 0 0 0 C
C 13 9 9 9 0 0 2 0 2 0 3 5 3 9 3 0 0 0 0 0 C
G 12 9 10 9 0 0 2 0 2 0 3 5 4 8 3 0 0 0 0 0 C
T 12 9 9 10 0 0 2 0 2 0 3 5 4 8 2 0 0 0 0 0 C
C 11 10 9 10 1 0 2 0 2 0 3 5 4 8 2 0 0 0 0 0 C
T 11 9 10 10 1 0 2 0 2 0 3 5 4 8 2 0 0 0 0 0 C
G 11 10 10 9 1 0 1 0 2 0 3 5 4 8 2 0 0 0 0 0 C
G 10 10 10 10 1 0 1 0 1 0 3 5 5 7 2 0 0 0 0 0 C
G 10 10 10 10 1 0 1 0 1 0 3 6 5 6 2 0 0 0 0 0 C
T 9 10 10 11 1 0 1 0 1 0 3 5 6 6 1 0 0 0 0 0 C
C 9 10 10 11 2 0 1 0 1 0 3 5 5 7 1 0 0 0 0 0 C
A 9 10 10 11 2 0 1 0 1 0 2 5 5 8 1 0 0 0 0 0 C
G 10 10 9 11 2 0 1 0 1 0 3 5 5 7 1 0 0 0 0 0 C
G 9 10 9 12 2 0 1 0 1 0 3 5 5 7 1 0 0 0 0 0 C
A 9 9 9 13 2 0 1 0 1 0 3 5 5 7 1 0 0 0 0 0 C
G 10 8 9 13 2 0 1 0 1 0 3 6 5 6 1 0 0 0 0 0 C
A 9 8 9 14 2 0 1 0 1 0 2 6 5 7 1 0 1 0 0 0 C
G 10 7 9 14 2 0 1 0 1 0 2 7 5 6 2 0 1 0 0 0 C
G 9 7 9 15 2 0 1 0 1 0 2 8 5 5 2 0 1 0 0 0 C
T 9 7 8 16 2 0 1 0 1 0 2 7 6 5 1 0 1 0 0 0 C
T 9 8 7 16 3 0 1 0 1 0 2 7 6 5 1 0 1 0 0 0 C
C 9 9 6 16 3 0 1 0 1 0 2 8 5 5 1 0 1 0 0 0 C
C 9 8 7 16 3 0 1 0 1 0 2 8 5 5 1 0 1 0 0 0 C
T 9 8 8 15 3 0 1 0 1 0 3 7 5 5 1 0 1 0 0 0 C
C 9 9 7 15 3 0 1 0 1 0 4 7 4 5 1 0 1 0 0 0 C
T 9 9 7 15 3 0 1 0 1 0 4 6 4 6 1 0 1 0 0 0 C
G 9 9 7 15 3 0 1 0 1 0 4 6 5 5 1 0 1 0 0 0 C
C 9 9 7 15 3 0 1 0 1 0 4 6 5 5 1 0 1 0 0 0 C
T 8 9 8 15 3 0 1 0 0 0 5 5 5 5 1 0 1 0 0 0 C
C 8 9 8 15 3 0 1 0 0 0 5 6 4 5 1 0 1 0 0 0 C
G 8 9 9 14 3 0 0 0 0 0 5 6 5 4 1 0 1 0 0 0 C
G 8 9 9 14 3 0 0 0 0 0 5 7 5 3 1 0 1 0 0 0 C
A 8 9 9 14 3 0 0 0 0 0 4 7 6 3 1 0 1 0 0 0 C
G 8 9 9 14 3 0 0 0 0 0 4 8 6 2 1 0 1 0 0 0 C
A 7 9 9 15 3 0 0 0 0 0 4 8 6 2 1 0 1 0 0 0 C
T 7 9 9 15 3 0 0 0 0 0 5 7 6 2 1 0 1 1 0 0 C
G 7 10 9 14 3 0 0 0 0 0 5 8 6 1 1 0 0 1 0 0 C
T 6 10 9 15 3 0 1 0 0 0 5 7 7 1 0 0 0 1 0 0 C
T 6 11 9 14 4 0 1 0 0 0 6 6 7 1 0 0 0 1 0 0 C
C 5 12 9 14 4 0 1 0 0 0 7 6 6 1 0 0 0 1 0 0 C
T 5 11 10 14 4 0 1 0 0 0 7 5 6 2 0 0 0 1 0 0 C
T 5 12 9 14 4 0 1 0 0 0 7 5 6 2 1 0 0 1 0 0 C
C 5 13 8 14 4 0 1 0 0 0 7 5 6 2 1 0 0 1 0 0 C
A 5 13 9 13 4 0 1 0 0 0 6 5 7 2 1 0 0 1 0 0 C
A 6 12 9 13 3 0 1 0 0 0 6 5 7 2 1 0 0 1 0 0 C
G 7 12 8 13 3 0 1 0 0 0 6 6 7 1 1 0 0 1 0 0 C
C 7 11 8 14 3 0 1 0 0 0 6 6 6 2 1 0 1 1 0 0 C
C 7 11 9 13 3 0 1 0 0 0 6 6 6 2 1 0 1 1 0 0 C
A 7 11 10 12 3 0 1 0 0 0 6 6 6 2 1 0 1 1 0 0 C
T 8 11 10 11 3 0 1 0 0 0 6 5 6 3 1 0 1 1 0 0 C
C 8 11 10 11 2 0 1 0 0 0 6 5 6 3 1 0 1 1 0 0 C
T 8 11 10 11 2 0 1 0 0 0 6 5 6 3 1 0 1 1 0 0 C
C 7 12 10 11 2 0 1 0 0 0 6 5 5 4 1 0 1 1 0 0 C
T 7 12 11 10 2 0 1 0 0 0 6 4 5 5 1 0 1 1 0 0 C
A 7 13 11 9 2 0 1 0 0 0 5 4 5 6 1 0 1 1 0 0 C
A 7 13 11 9 2 0 1 0 0 0 4 4 6 6 1 0 1 0 0 0 C
T 8 13 11 8 2 0 1 1 0 0 4 3 7 6 1 0 1 0 0 0 C
C 7 14 11 8 2 0 1 1 0 0 4 4 6 6 1 0 1 0 0 0 C
A 7 14 12 7 2 0 1 1 0 0 3 4 7 6 1 0 1 0 0 0 C
A 8 14 12 6 2 0 1 1 0 0 2 4 8 6 1 0 1 0 0 0 C
G 9 13 12 6 1 0 1 1 0 0 3 4 8 5 1 0 1 0 0 0 C
T 9 12 12 7 1 0 1 1 0 0 3 3 9 5 0 0 1 0 0 0 C
C 9 13 11 7 2 0 1 1 0 0 4 3 8 5 0 0 1 0 0 0 C
C 9 13 11 7 2 0 1 1 0 0 4 3 8 5 0 0 1 0 0 0 C
A 9 12 12 7 2 0 1 1 0 0 3 3 9 5 0 0 1 0 0 0 C
T 10 12 11 7 2 0 1 1 0 0 3 2 10 5 0 0 1 0 0 0 C
G 10 12 11 7 2 0 1 1 0 0 4 2 10 4 0 0 0 0 0 0 C
C 10 12 11 7 2 0 2 1 0 0 4 2 9 5 0 0 0 0 0 0 C
A 10 12 11 7 2 0 2 1 0 0 4 2 9 5 0 0 0 0 0 0 C
G 11 11 11 7 2 0 2 1 0 0 4 2 10 4 0 0 0 0 0 0 C
C 11 11 10 8 2 0 2 1 0 0 5 2 9 4 0 0 0 0 0 0 C
T 11 11 11 7 2 0 2 1 0 0 5 1 9 5 0 0 0 0 0 0 C
G 11 12 11 6 2 0 2 1 0 0 5 2 9 4 1 0 0 0 0 0 C
G 10 12 11 7 2 0 2 1 0 0 5 2 9 4 1 0 0 0 0 0 C
G 10 12 11 7 2 0 2 1 0 0 5 3 9 3 2 0 0 0 0 0 C
C 9 12 11 8 2 0 2 1 0 0 5 3 9 3 2 0 0 0 0 0 C
C 9 11 12 8 2 0 2 1 0 0 5 3 9 3 2 0 0 0 0 0 C
T 9 11 13 7 2 0 1 1 0 0 5 3 9 3 2 0 0 0 0 0 C
C 9 11 13 7 1 0 1 1 0 0 5 3 8 4 2 0 0 0 0 0 C
C 9 10 14 7 1 0 1 1 0 0 5 3 8 4 2 0 0 0 0 0 C
A 9 10 14 7 1 0 1 1 0 0 4 3 9 4 2 0 0 0 0 0 C
C 10 9 14 7 1 0 1 1 0 0 4 4 8 4 2 0 0 0 0 0 C
A 10 8 15 7 1 0 1 1 0 0 3 5 8 4 2 0 0 0 0 0 C
C 11 8 14 7 1 0 1 1 0 0 4 5 7 4 2 0 0 0 0 0 C
C 10 8 15 7 1 0 1 1 0 0 5 5 6 4 2 0 0 1 0 0 C
C 9 8 16 7 1 0 1 1 0 0 5 5 6 4 2 0 0 1 0 0 C
A 9 8 17 6 1 0 1 1 0 0 5 5 6 4 2 0 0 1 0 0 C
G 10 8 16 6 1 0 1 1 0 0 6 5 6 3 2 0 0 1 0 0 C
A 10 8 15 7 1 0 1 1 0 0 6 5 6 3 2 0 0 1 0 0 C
C 10 8 15 7 1 0 1 1 0 0 6 6 5 3 2 0 0 1 0 0 C
A 10 7 16 7 1 0 1 1 0 0 5 6 5 4 2 0 1 1 0 0 C
G 11 7 15 7 1 0 1 1 0 0 5 7 5 3 3 0 1 1 0 0 C
T 11 6 15 8 1 0 1 1 0 0 5 6 5 4 2 0 1 1 0 0 C
G 11 7 14 8 2 0 1 1 0 0 6 6 5 3 2 0 1 1 1 0 C
T 11 6 14 9 2 0 1 1 0 0 6 5 6 3 1 0 1 1 1 0 C
C 10 7 14 9 3 0 1 1 0 0 7 5 5 3 1 0 1 1 1 0 C
C 9 7 15 9 3 0 1 0 0 0 7 6 4 3 1 0 1 1 1 0 C
T 9 6 16 9 3 0 1 0 0 0 8 5 4 3 1 0 1 1 1 0 C
G 9 7 15 9 3 0 1 0 0 0 8 5 4 3 1 0 1 1 1 1 C
C 8 7 15 10 3 0 1 0 0 0 8 5 4 3 1 0 1 1 1 1 C
C 7 7 16 10 3 0 1 0 0 0 9 5 3 3 1 0 1 1 1 1 C
T 7 7 17 9 3 0 1 0 0 0 9 4 4 3 1 0 1 1 1 1 C
T 7 7 17 9 2 0 1 0 0 0 9 4 4 3 1 0 1 1 1 1 C
A 7 8 16 9 2 0 1 0 0 0 8 4 5 3 1 0 1 1 1 1 C
A 8 8 15 9 2 0 1 0 0 0 8 4 5 3 1 0 1 0 1 1 C
C 8 8 15 9 2 0 1 1 0 0 9 4 4 3 1 0 1 0 1 1 C
A 8 7 16 9 2 0 1 1 0 0 9 4 4 3 1 0 1 0 1 1 C
A 9 7 16 8 2 0 0 1 0 0 8 4 5 3 1 0 1 0 1 1 C
A 10 7 15 8 2 0 0 1 0 0 7 4 5 4 1 0 1 0 1 1 C
T 10 7 15 8 2 0 0 1 0 0 8 3 5 4 1 0 1 0 1 1 C
G 10 8 15 7 2 0 0 1 0 0 8 3 5 4 1 0 0 0 1 1 C
T 10 8 14 8 2 0 1 1 0 0 9 2 5 4 0 0 0 0 1 1 C
G 10 8 14 8 3 0 1 1 0 0 9 2 6 3 0 0 0 0 1 1 C
A 10 8 14 8 3 0 1 1 0 0 8 2 7 3 0 0 0 0 0 1 C
C 11 8 14 7 3 0 1 1 1 0 8 3 6 3 0 0 0 0 0 1 C
A 11 8 15 6 3 0 1 1 1 0 7 3 7 3 0 0 0 0 0 1 C
T 12 8 14 6 3 0 1 1 1 0 8 2 7 3 0 0 0 0 0 1 C
A 12 9 13 6 3 0 1 1 1 0 7 3 7 3 0 0 0 0 0 1 C
G 13 8 13 6 3 0 1 1 1 0 7 3 7 3 0 0 1 0 0 0 C
C 13 8 12 7 3 0 1 1 1 1 7 3 6 4 0 0 1 0 0 0 C
A 13 8 12 7 3 0 1 1 1 1 6 3 6 5 0 0 1 0 0 0 C
C 13 8 12 7 3 0 1 1 1 1 6 3 5 6 0 0 1 0 0 0 C
T 13 8 12 7 3 0 1 1 1 1 7 2 5 6 0 0 1 0 0 0 C
C 12 9 12 7 3 0 1 1 1 1 8 2 4 6 0 0 1 0 0 0 C
A 12 9 12 7 3 0 1 1 1 1 7 2 5 6 0 0 1 0 0 0 C
A 13 9 11 7 3 0 1 1 1 1 7 2 5 6 0 0 1 0 0 0 C
A 14 9 10 7 3 0 1 1 1 1 6 3 5 6 0 0 1 0 0 0 C
C 14 9 10 7 3 0 1 1 1 1 6 3 5 6 0 0 1 0 0 0 C
G 14 9 11 6 3 0 1 1 1 1 6 3 6 5 0 0 1 0 0 0 C
A 13 9 11 7 3 0 1 1 1 1 5 4 6 5 0 0 1 0 0 0 C
G 14 9 10 7 3 0 1 1 1 1 5 4 6 5 0 0 1 0 0 0 C
A 13 9 10 8 3 0 1 1 1 1 4 4 7 5 0 0 1 0 0 0 C
C 14 9 10 7 3 0 1 1 1 1 4 5 6 5 0 0 1 0 0 0 C
C 14 8 11 7 2 0 1 1 1 1 4 5 6 5 0 0 1 0 0 0 C
T 14 8 12 6 2 0 1 1 1 1 4 5 6 5 0 0 1 0 0 0 C
C 14 8 12 6 1 0 1 1 1 1 4 5 5 6 0 0 1 0 0 0 C
A 14 8 12 6 1 0 1 1 1 1 3 6 5 6 1 0 1 0 0 0 C
T 15 8 11 6 1 0 1 1 1 1 3 5 5 7 1 0 1 0 0 0 C
G 15 8 11 6 1 0 1 1 1 1 3 5 5 7 1 0 0 0 0 0 C
G 15 8 11 6 1 0 2 1 1 1 3 5 5 7 1 0 0 0 0 0 C
G 15 8 10 7 1 0 2 1 1 1 3 5 5 7 1 0 0 0 0 0 C
G 15 8 9 8 1 0 2 1 1 1 3 5 5 7 1 0 0 0 0 0 C
A 15 7 9 9 1 0 2 1 1 1 2 5 6 7 1 0 0 0 0 0 C
A 16 6 9 9 1 0 2 1 1 1 2 5 6 7 1 0 0 0 0 0 C
C 16 6 9 9 1 0 2 1 1 1 2 5 5 8 1 0 0 0 0 0 C
A 15 6 10 9 1 0 2 0 1 1 1 5 6 8 1 0 0 0 0 0 C
T 16 6 9 9 1 0 2 0 1 1 2 4 6 8 1 0 0 0 0 0 C
C 15 7 9 9 1 0 2 0 1 1 2 4 6 8 1 0 0 0 0 0 C
C 14 7 10 9 1 0 2 0 1 1 2 5 5 8 1 0 0 0 0 0 C
T 13 7 11 9 1 0 2 0 1 1 3 4 5 8 1 0 0 0 0 0 C
G 13 7 11 9 1 0 2 0 1 1 3 5 5 7 1 0 0 0 0 0 C
C 13 7 11 9 1 0 1 0 1 1 3 5 4 8 1 0 1 0 0 0 C
T 13 6 12 9 0 0 1 0 1 1 3 4 5 8 1 0 1 0 0 0 C
C 13 7 12 8 0 0 1 0 1 1 3 5 4 8 1 0 1 0 0 0 C
T 12 7 13 8 0 0 1 0 0 1 3 4 5 8 1 0 1 0 0 0 C
G 12 8 12 8 0 0 1 0 0 1 4 4 5 7 1 0 1 0 0 0 C
T 11 8 12 9 0 0 1 0 0 1 4 3 5 8 0 0 1 0 0 0 C
G 11 8 12 9 1 0 1 0 0 1 4 3 5 8 0 0 1 0 0 0 C
G 10 8 12 10 1 0 1 0 0 1 4 3 5 8 0 0 1 0 0 0 C
G 10 8 12 10 1 0 1 0 0 0 4 3 5 8 0 0 1 0 0 0 C
G 10 8 11 11 1 0 1 0 0 0 4 4 5 7 1 0 1 0 0 0 C
G 9 8 11 12 1 0 1 0 0 0 4 5 5 6 1 0 1 0 0 0 C
C 9 8 10 13 1 0 1 0 0 0 4 6 4 6 1 0 1 0 0 0 C
A 9 7 11 13 1 0 1 0 0 0 3 6 5 6 1 0 1 0 0 0 C
G 10 7 10 13 1 0 1 0 0 0 3 6 6 5 1 0 1 0 0 0 C
C 9 7 10 14 1 0 1 0 0 0 3 6 6 5 1 0 1 0 0 0 C
A 8 7 11 14 1 0 1 0 0 0 2 7 6 5 1 0 1 0 0 0 C
C 8 7 11 14 1 0 1 0 0 0 3 7 5 5 1 0 1 0 0 0 C
T 8 7 11 14 1 0 1 0 0 0 4 6 5 5 1 0 1 1 0 0 C
A 8 8 11 13 1 0 1 0 0 0 3 6 6 5 1 0 1 1 0 0 C
T 8 8 11 13 1 0 1 0 0 0 3 5 7 5 1 0 1 1 0 0 C
G 8 9 11 12 1 0 1 0 0 0 3 5 7 5 1 0 0 1 0 0 C
C 7 9 11 13 1 0 2 0 0 0 3 6 6 5 2 0 0 1 0 0 C
T 7 9 11 13 1 0 2 0 0 0 3 5 7 5 2 0 0 1 0 0 C
C 7 10 10 13 1 0 2 0 0 0 3 6 6 5 2 0 0 1 0 0 C
A 7 9 11 13 1 0 2 0 0 0 2 6 6 6 2 0 0 1 0 0 C
G 8 9 10 13 1 0 2 0 0 0 2 6 7 5 2 0 0 1 0 0 C
G 7 9 10 14 1 0 2 0 0 0 3 6 7 4 2 0 0 1 0 0 C
G 7 8 10 15 1 0 2 0 0 0 3 6 7 4 2 0 0 1 0 0 C
G 7 8 10 15 1 0 1 0 0 0 4 6 7 3 2 0 0 1 0 0 C
T 7 8 10 15 1 0 1 0 0 0 5 5 7 3 1 0 0 1 0 0 C
T 7 9 10 14 2 0 1 0 0 0 5 4 7 4 1 0 0 1 0 0 C
T 7 10 10 13 2 0 1 0 0 0 5 3 7 5 1 0 0 1 0 0 C
C 6 11 10 13 2 0 1 0 0 0 6 3 6 5 1 0 0 1 0 0 C
C 5 11 11 13 2 0 1 0 0 0 6 3 5 6 1 0 0 1 0 0 C
C 5 11 11 13 2 0 1 0 0 0 6 3 5 6 1 0 0 1 0 0 C
T 4 11 12 13 2 0 1 0 0 0 6 3 5 6 1 0 0 1 0 0 C
A 4 11 12 13 2 0 1 0 0 0 5 3 5 7 1 0 0 1 0 0 C
A 5 11 11 13 2 0 1 0 0 0 5 3 5 7 1 0 0 0 1 0 C
C 6 11 10 13 2 0 1 1 0 0 5 3 4 8 1 0 0 0 1 0 C
C 6 10 11 13 2 0 1 1 0 0 5 3 4 8 1 0 0 0 1 0 C
G 6 10 12 12 2 0 1 1 0 0 6 3 4 7 1 0 0 0 1 0 C
T 6 10 11 13 2 0 1 1 0 0 6 2 4 8 0 0 0 0 1 0 C
C 6 10 11 13 3 0 1 1 0 0 6 2 4 8 0 0 0 0 1 0 C
T 6 10 11 13 3 0 1 1 0 0 7 1 4 8 0 0 0 0 1 0 C
G 6 10 11 13 3 0 1 1 0 0 7 2 4 7 0 0 0 0 1 0 C
C 6 10 11 13 3 0 1 1 0 0 7 2 3 8 0 0 1 0 1 0 C
A 6 9 12 13 2 0 1 1 0 0 6 3 3 8 1 0 1 0 1 0 C
G 7 9 12 12 2 0 1 1 0 0 6 3 3 8 1 0 1 0 1 0 C
A 7 9 12 12 2 0 1 1 0 0 5 3 4 8 1 0 1 0 1 0 C
A 8 9 12 11 2 0 1 1 0 0 4 3 5 8 1 0 1 0 1 0 C
G 9 9 12 10 2 0 1 1 0 0 4 3 6 7 1 0 1 0 1 0 C
G 9 9 12 10 2 0 1 1 0 0 4 3 7 6 1 0 1 0 1 0 C
A 9 9 11 11 2 0 1 1 0 0 4 3 7 6 1 0 1 0 1 0 C
G 9 9 11 11 2 0 1 1 0 0 5 3 7 5 1 0 1 0 1 0 C
C 9 9 11 11 2 0 1 1 0 0 5 3 7 5 1 0 1 0 1 0 C
T 9 9 11 11 2 0 1 1 0 0 5 2 7 6 1 0 1 0 1 0 C
G 8 10 11 11 2 0 1 1 0 0 6 2 7 5 1 0 1 0 1 0 C
A 8 10 10 12 2 0 1 1 0 0 5 2 8 5 1 0 1 0 0 0 C
G 9 9 10 12 2 0 1 1 1 0 6 2 8 4 1 0 1 0 0 0 C
C 8 9 10 13 2 0 1 1 1 0 6 2 8 4 1 0 1 0 0 0 C
A 8 8 11 13 2 0 1 1 1 0 5 2 9 4 1 0 1 0 0 0 C
G 9 8 11 12 2 0 0 1 1 0 5 2 10 3 1 0 1 0 0 0 C
C 9 8 10 13 2 0 0 1 1 0 5 2 10 3 1 0 1 0 0 0 C
A 9 7 11 13 2 0 0 1 1 0 4 2 11 3 1 0 1 0 0 0 C
T 10 7 10 13 2 0 0 1 1 0 4 1 12 3 1 0 1 0 0 0 C
G 9 8 10 13 2 0 0 1 1 0 5 1 12 2 1 0 0 0 0 0 C
T 9 8 10 13 2 0 1 1 1 0 5 0 12 3 0 0 0 0 0 0 C
G 9 9 10 12 3 0 1 1 1 0 5 0 12 3 0 0 0 0 0 0 C
C 9 9 10 12 3 0 1 1 1 0 5 1 11 3 1 0 0 0 0 0 C
C 9 9 11 11 3 0 1 1 1 0 5 1 11 3 1 0 0 0 0 0 C
C 9 8 12 11 2 0 1 1 1 0 6 1 10 3 1 0 0 0 0 0 C
C 9 7 13 11 2 0 1 1 1 0 7 1 9 3 1 0 0 0 0 0 C
A 9 6 14 11 2 0 1 1 1 0 6 2 9 3 1 0 0 0 0 0 C
A 10 6 13 11 2 0 1 1 1 0 5 2 9 4 1 0 1 0 0 0 C
C 11 6 12 11 2 0 1 1 1 0 5 3 8 4 2 0 1 0 0 0 C
G 11 6 12 11 2 0 1 1 1 0 5 3 8 4 2 0 1 0 0 0 C
A 11 5 12 12 2 0 1 1 1 0 4 3 9 4 2 0 1 0 0 0 C
C 11 5 12 12 2 0 1 1 1 0 4 4 8 4 2 0 1 0 0 0 C
A 10 5 13 12 2 0 1 0 1 0 3 4 8 5 2 0 1 0 0 0 C
C 11 5 12 12 2 0 1 0 1 0 3 4 8 5 2 0 1 0 0 0 C
C 11 5 12 12 2 0 1 0 1 0 3 4 8 5 2 0 1 0 0 0 C
C 11 5 13 11 2 0 1 0 1 0 3 4 8 5 2 0 1 0 0 0 C
C 11 4 14 11 1 0 1 0 1 0 3 4 7 6 2 0 1 0 0 0 C
C 11 4 14 11 1 0 1 0 1 0 4 4 6 6 2 0 1 0 0 0 C
C 11 3 15 11 1 0 1 0 1 0 4 4 5 7 2 0 1 0 0 0 C
A 11 3 16 10 1 0 1 0 1 0 4 4 5 7 2 0 1 0 0 0 C
G 12 3 15 10 1 0 1 0 1 0 4 4 5 7 2 0 1 0 0 0 C
G 11 3 15 11 1 0 1 0 1 0 5 4 5 6 2 0 1 0 0 0 C
T 11 3 15 11 1 0 1 0 1 0 5 3 5 7 1 0 1 0 0 0 C
C 10 4 15 11 2 0 1 0 1 0 6 3 4 7 1 0 1 0 0 0 C
A 9 4 16 11 2 0 1 0 1 0 5 3 5 7 1 0 1 0 0 0 C
A 10 4 16 10 2 0 1 0 1 0 5 3 5 7 1 0 1 0 0 0 C
T 11 4 16 9 2 0 1 0 1 0 5 2 6 7 1 0 1 0 0 0 C
G 10 5 16 9 2 0 1 0 1 0 5 3 6 6 1 0 0 0 0 0 C
T 10 5 16 9 2 0 2 0 1 0 5 2 6 7 0 0 0 0 0 0 C
G 10 6 15 9 3 0 2 0 1 0 5 2 7 6 0 0 0 0 0 0 C
C 10 5 15 10 3 0 2 0 1 0 6 2 6 6 0 0 0 0 0 0 C
T 10 5 16 9 3 0 2 0 1 0 6 1 6 7 0 0 0 0 0 0 C
G 9 6 16 9 3 0 2 0 0 0 6 2 6 6 1 0 0 0 0 0 C
C 9 6 16 9 3 0 2 0 0 0 6 2 6 6 1 0 0 0 0 0 C
C 9 6 16 9 3 0 2 0 0 0 6 3 5 6 1 0 0 0 0 0 C
C 8 6 17 9 3 0 2 0 0 0 6 3 4 7 1 0 0 0 0 0 C
G 8 6 18 8 3 0 2 0 0 0 6 3 4 7 1 0 0 0 0 0 C
A 8 6 17 9 3 0 2 0 0 0 6 3 4 7 1 0 0 0 0 0 C
G 8 6 17 9 3 0 2 0 0 0 6 3 5 6 1 0 0 0 0 0 C
A 8 5 17 10 3 0 2 0 0 0 5 4 5 6 1 0 0 0 0 0 C
G 9 5 17 9 3 0 1 0 0 0 5 4 5 6 1 0 0 0 0 0 C
A 9 4 17 10 2 0 1 0 0 0 4 4 5 7 1 0 0 0 0 0 C
G 10 4 17 9 2 0 1 0 0 0 4 5 5 6 2 0 0 0 0 0 C
A 10 4 16 10 2 0 1 0 0 0 3 5 5 7 2 0 0 0 0 0 C
C 11 4 15 10 2 0 1 0 0 0 3 5 4 8 2 0 0 0 0 0 C
A 11 4 15 10 2 0 1 0 0 0 2 5 4 9 2 0 0 0 0 0 C
C 12 4 14 10 2 0 1 0 0 0 2 6 3 9 3 0 0 0 0 0 C
T 11 4 15 10 2 0 1 0 0 0 2 5 4 9 3 0 0 0 0 0 C
G 10 5 15 10 2 0 1 0 0 0 2 6 4 8 3 0 0 0 0 0 C
C 10 5 14 11 2 0 1 0 0 0 3 6 3 8 3 0 0 0 0 0 C
A 10 5 15 10 2 0 1 0 0 0 2 7 3 8 3 0 0 0 0 0 C
G 10 5 15 10 2 0 1 0 0 0 2 7 4 7 3 0 0 0 0 0 C
T 10 5 14 11 2 0 1 0 0 0 2 6 5 7 2 0 0 0 0 0 C
C 9 6 14 11 3 0 1 0 0 0 2 7 4 7 2 0 0 0 0 0 C
T 9 6 14 11 3 0 1 0 0 0 2 6 4 8 2 0 0 0 0 0 C
G 9 7 13 11 3 0 1 0 0 0 2 6 4 8 2 0 0 0 0 0 C
G 9 7 12 12 3 0 1 0 0 0 2 6 5 7 2 0 0 0 0 0 C
A 9 7 11 13 3 0 1 0 0 0 1 6 6 7 2 0 0 0 0 0 C
C 10 7 10 13 3 0 1 0 0 0 1 7 5 7 2 0 0 0 0 0 C
T 10 7 10 13 3 0 1 0 0 0 1 6 6 7 2 0 0 0 0 0 C
G 9 8 10 13 3 0 1 0 0 0 2 6 6 6 2 0 0 0 0 0 C
G 9 8 10 13 3 0 1 0 0 0 2 6 7 5 2 0 0 0 0 0 C
T 9 8 10 13 3 0 1 0 0 0 2 6 7 5 1 0 0 0 0 0 C
G 9 8 10 13 3 0 1 0 0 0 2 6 8 4 1 0 0 0 0 0 C
G 9 8 9 14 3 0 1 0 0 0 2 6 9 3 1 0 0 0 0 0 C
G 8 8 9 15 3 0 1 0 0 0 3 6 9 2 1 0 0 0 0 0 C
T 7 8 9 16 3 0 1 0 0 0 3 5 9 3 0 0 0 0 0 0 C
C 7 8 9 16 4 0 1 0 0 0 3 5 8 4 0 0 0 0 0 0 C
T 7 8 10 15 4 0 0 0 0 0 3 4 8 5 0 0 0 0 0 0 C
A 7 8 10 15 3 0 0 0 0 0 2 4 9 5 0 0 0 0 0 0 C
T 8 8 10 14 3 0 0 0 0 0 2 4 9 5 0 0 0 0 0 0 C
C 8 9 9 14 3 0 0 0 0 0 2 5 8 5 0 0 0 0 0 0 C
C 8 8 10 14 3 0 0 0 0 0 2 6 7 5 0 0 0 0 0 0 C
T 8 8 11 13 3 0 0 0 0 0 2 5 8 5 0 0 0 0 0 0 C
G 8 9 10 13 3 0 0 0 0 0 3 5 8 4 0 0 0 0 0 0 C
G 8 9 9 14 3 0 0 0 0 0 4 5 8 3 0 0 0 0 0 0 C
C 8 9 8 15 3 0 0 0 0 0 4 5 8 3 0 0 0 0 0 0 C
C 8 9 9 14 3 0 0 0 0 0 4 5 8 3 0 0 0 0 0 0 C
T 7 9 10 14 3 0 0 0 0 0 5 4 8 3 0 0 0 0 0 0 C
C 7 10 10 13 3 0 0 0 0 0 5 4 8 3 0 0 0 0 0 0 C
A 6 10 11 13 3 0 0 0 0 0 4 5 8 3 0 0 0 0 0 0 C
C 7 10 11 12 3 0 0 0 0 0 4 5 7 4 0 0 0 0 0 0 C
T 6 10 12 12 3 0 0 0 0 0 4 5 7 4 1 0 0 0 0 0 C
C 6 11 12 11 3 0 0 0 0 0 4 5 6 5 1 0 0 0 0 0 C
C 5 11 13 11 3 0 0 0 0 0 4 5 5 6 1 0 0 0 0 0 C
A 5 11 13 11 3 0 0 0 0 0 3 5 5 7 1 0 0 0 0 0 C
G 5 11 13 11 3 0 0 0 0 0 3 6 5 6 2 0 0 0 0 0 C
G 5 11 12 12 3 0 0 0 0 0 3 6 6 5 2 0 0 0 0 0 C
G 5 10 12 13 3 0 0 0 0 0 3 6 7 4 2 0 0 0 0 0 C
C 5 10 12 13 3 0 0 0 0 0 4 6 6 4 2 0 0 0 0 0 C
T 5 10 12 13 3 0 0 0 0 0 4 6 6 4 2 0 0 0 0 0 C
T 4 11 12 13 3 0 0 0 0 0 4 5 7 4 2 0 0 0 0 0 C
T 4 12 12 12 3 0 0 0 0 0 4 4 7 5 2 0 0 0 0 0 C
C 4 12 12 12 2 0 0 0 0 0 4 4 7 5 2 0 0 0 0 0 C
A 4 12 12 12 2 0 0 0 0 0 3 4 8 5 2 0 0 0 0 0 C
A 5 11 12 12 2 0 0 0 0 0 2 5 8 5 2 0 0 0 0 0 C
C 6 11 12 11 2 0 0 0 0 0 2 5 7 6 2 0 0 0 0 0 C
C 6 11 13 10 2 0 0 0 0 0 2 5 6 7 2 0 0 0 0 0 C
A 5 11 14 10 2 0 0 0 0 0 2 5 6 7 2 0 0 0 0 0 C
C 6 11 13 10 2 0 0 0 0 0 2 5 5 8 2 0 0 0 0 0 C
T 6 10 14 10 2 0 0 0 0 0 2 5 5 8 3 0 0 0 0 0 C
G 6 11 14 9 2 0 0 0 0 0 3 5 5 7 3 0 0 0 0 0 C
T 6 11 14 9 2 0 0 0 0 0 3 4 6 7 2 0 0 0 0 0 C
G 6 11 14 9 2 0 0 0 0 0 3 4 6 7 2 0 0 0 0 0 C
G 6 11 14 9 2 0 0 0 0 0 4 4 6 6 2 0 0 0 0 0 C
G 6 11 14 9 2 0 0 0 0 0 4 4 6 6 2 0 0 0 0 0 C
T 6 11 14 9 2 0 0 0 0 0 4 3 6 7 1 0 0 0 0 0 C
C 6 11 14 9 2 0 0 0 0 0 5 3 5 7 1 0 0 0 0 0 C
C 6 11 14 9 2 0 0 0 0 0 6 3 4 7 1 0 0 0 0 0 C
A 6 10 15 9 2 0 0 0 0 0 5 3 5 7 1 0 0 0 0 0 C
T 6 10 15 9 2 0 0 0 0 0 6 2 5 7 1 0 0 0 0 0 C
C 6 10 15 9 2 0 0 0 0 0 6 3 4 7 1 0 0 0 0 0 C
G 6 10 15 9 2 0 0 0 0 0 6 3 4 7 1 0 1 0 0 0 C
C 6 10 14 10 2 0 0 0 0 0 6 3 3 8 1 0 1 0 0 0 C
C 6 9 15 10 2 0 0 0 0 0 6 3 2 9 1 0 1 0 0 0 C
T 6 9 16 9 2 0 0 0 0 0 6 2 3 9 1 0 1 0 0 0 C
G 6 10 16 8 2 0 0 0 0 0 6 2 4 8 1 0 1 0 0 0 C
G 6 10 15 9 2 0 0 0 0 0 6 3 4 7 1 0 1 0 0 0 C
A 6 10 14 10 2 0 0 0 0 0 5 4 4 7 1 0 1 0 0 0 C
G 7 9 14 10 2 0 0 0 0 0 5 5 4 6 1 0 1 0 0 0 C
T 7 9 13 11 2 0 0 0 0 0 5 4 5 6 0 0 1 0 0 0 C
A 6 10 13 11 3 0 0 0 0 0 4 5 5 6 0 0 1 0 0 0 C
C 7 10 12 11 3 0 0 0 0 0 4 6 4 6 0 0 1 0 0 0 C
G 7 9 13 11 3 0 0 0 0 0 4 6 5 5 0 0 1 0 0 0 C
A 7 9 12 12 3 0 0 0 0 0 3 6 6 5 0 0 1 0 0 0 C
G 8 9 11 12 3 0 0 0 0 0 3 7 6 4 0 0 1 0 0 0 C
G 7 9 11 13 3 0 0 0 0 0 3 7 7 3 0 0 1 0 0 0 C
A 7 9 11 13 3 0 0 0 0 0 2 8 7 3 0 0 1 0 0 0 C
A 8 9 11 12 3 0 0 0 0 0 2 8 7 3 0 0 1 0 0 0 C
C 9 9 11 11 3 0 0 0 0 0 2 8 7 3 0 0 1 0 0 0 C
A 9 9 11 11 3 0 0 0 0 0 2 8 7 3 0 0 1 0 0 0 C
T 10 8 11 11 3 0 0 0 0 0 2 7 7 4 0 0 1 0 0 0 C
G 10 8 11 11 3 0 0 0 0 0 3 7 7 3 0 0 0 0 0 0 C
G 10 7 11 12 3 0 1 0 0 0 4 7 7 2 0 0 0 0 0 0 C
G 10 7 10 13 3 0 1 0 0 0 4 7 7 2 0 0 0 0 0 0 C
C 9 7 10 14 3 0 1 0 0 0 4 7 6 3 0 0 0 0 0 0 C
C 8 7 11 14 3 0 1 0 0 0 4 8 5 3 1 0 0 0 0 0 C
T 8 7 11 14 3 0 1 0 0 0 4 7 5 4 1 0 0 0 0 0 C
T 8 8 10 14 3 0 1 0 0 0 4 6 6 4 1 0 0 0 0 0 C
T 7 9 10 14 3 0 1 0 0 0 4 6 6 4 1 0 0 0 0 0 C
C 7 10 9 14 3 0 1 0 0 0 4 7 5 4 1 0 0 0 0 0 C
T 7 9 10 14 3 0 1 0 0 0 4 6 6 4 1 0 0 0 0 0 C
T 7 10 10 13 3 0 1 0 0 0 4 6 6 4 1 0 0 0 0 0 C
C 7 10 10 13 2 0 1 0 0 0 4 6 5 5 1 0 0 0 0 0 C
C 7 10 11 12 2 0 1 0 0 0 5 6 4 5 1 0 0 0 1 0 C
T 7 10 12 11 2 0 1 0 0 0 5 5 4 6 1 0 0 0 1 0 C
C 7 11 12 10 2 0 1 0 0 0 5 5 4 6 1 0 0 0 1 0 C
T 7 10 13 10 1 0 1 0 0 0 6 4 4 6 1 0 0 0 1 0 C
A 7 11 12 10 1 0 1 0 0 0 5 4 4 7 1 0 0 0 1 0 C
C 8 11 11 10 1 0 1 0 0 0 6 4 3 7 1 0 0 0 1 0 C
A 7 11 12 10 1 0 1 0 0 0 5 4 4 7 1 0 0 0 1 0 C
G 8 10 12 10 1 0 1 0 0 0 6 4 4 6 1 0 0 0 1 0 C
A 8 10 11 11 1 0 1 0 0 0 5 4 5 6 1 0 0 0 1 0 C
A 9 10 11 10 1 0 1 0 0 0 5 4 5 6 1 0 0 0 1 0 C
G 10 10 10 10 1 0 1 0 0 0 5 4 5 6 1 0 0 0 1 0 C
G 10 10 9 11 1 0 1 0 0 0 5 4 6 5 1 0 0 0 1 0 C
T 10 9 9 12 1 0 1 0 0 0 6 3 6 5 0 0 0 0 1 0 C
G 10 10 9 11 2 0 1 0 0 0 6 4 6 4 0 0 0 0 1 0 C
C 10 10 9 11 2 0 1 0 0 0 6 4 5 5 0 0 1 0 1 0 C
T 9 10 10 11 2 0 1 0 0 0 6 3 6 5 0 0 1 0 1 0 C
T 9 11 10 10 2 0 1 0 0 0 6 3 6 5 0 0 1 0 1 0 C
C 9 11 10 10 1 0 1 0 0 0 6 3 6 5 0 0 1 0 1 0 C
T 8 11 11 10 1 0 1 0 0 0 7 2 6 5 0 0 1 0 1 0 C
G 8 12 10 10 1 0 1 0 0 0 7 2 7 4 0 0 1 0 1 0 C
A 8 12 10 10 1 0 1 0 0 0 6 2 8 4 0 0 1 0 0 0 C
G 8 12 10 10 1 0 1 0 1 0 6 2 8 4 0 0 1 0 0 0 N
C 8 12 10 10 1 0 1 0 1 0 6 3 7 4 1 0 1 0 0 0 N
A 8 12 11 9 1 0 1 0 1 0 5 3 7 5 1 0 1 0 0 0 N
G 8 12 11 9 1 0 1 0 1 0 5 3 7 5 1 0 1 0 0 0 N
A 7 12 11 10 1 0 1 0 1 0 4 4 7 5 2 0 1 0 0 0 N
C 8 12 10 10 1 0 1 0 1 0 4 4 6 6 2 0 1 0 0 0 N
A 7 12 11 10 1 0 1 0 1 0 3 4 6 7 2 0 1 0 0 0 N
C 8 11 11 10 1 0 1 0 1 0 3 4 6 7 2 0 1 0 0 0 N
A 8 11 12 9 1 0 0 0 1 0 3 4 6 7 2 0 1 0 0 0 N
G 9 11 12 8 1 0 0 0 1 0 4 4 6 6 2 0 1 0 0 0 N
C 9 11 12 8 1 0 0 0 1 0 4 5 5 6 2 0 1 0 0 0 N
A 9 11 12 8 1 0 0 0 1 0 3 5 5 7 2 0 2 0 0 0 N
T 10 11 11 8 1 0 0 0 1 0 3 4 6 7 2 0 2 0 0 0 N
G 10 11 11 8 1 0 0 0 1 0 3 4 7 6 2 0 1 0 0 0 N
C 10 10 11 9 1 0 1 0 1 0 4 4 6 6 2 0 1 0 0 0 N
T 10 9 12 9 1 0 1 0 1 0 4 3 6 7 2 0 1 0 0 0 N
C 10 10 11 9 1 0 1 0 1 0 4 3 6 7 2 0 1 0 0 0 N
A 10 9 12 9 1 0 1 0 1 0 3 4 6 7 2 0 1 0 0 0 N
C 11 8 12 9 1 0 1 0 1 0 3 5 5 7 2 0 1 0 0 0 N
C 11 8 12 9 1 0 1 0 1 0 3 6 4 7 2 0 1 0 0 0 N
G 11 8 12 9 1 0 1 0 1 0 4 6 4 6 2 0 1 0 0 0 N
T 11 7 12 10 1 0 1 0 1 0 4 5 5 6 1 0 1 0 0 0 N
G 11 8 11 10 2 0 1 0 1 0 4 6 5 5 1 0 1 0 0 0 N
G 11 7 11 11 2 0 1 0 1 0 4 6 5 5 1 0 1 0 0 0 N
T 10 7 11 12 2 0 1 0 1 0 4 6 5 5 1 0 1 0 0 0 N
G 10 8 10 12 3 0 1 0 1 0 4 6 5 5 1 0 1 0 0 0 N
G 9 8 10 13 3 0 1 0 1 0 4 7 5 4 2 0 1 0 0 0 N
C 9 8 10 13 3 0 1 0 1 0 4 7 4 5 2 0 1 0 0 0 N
A 8 8 11 13 3 0 1 0 1 0 4 7 4 5 2 0 1 0 1 0 N
A 8 8 11 13 3 0 1 0 1 0 3 7 4 6 2 0 1 0 1 0 N
T 9 8 11 12 3 0 1 0 1 0 3 6 4 7 2 0 1 0 1 0 N
G 9 9 11 11 3 0 1 0 1 0 3 6 4 7 2 0 0 0 1 0 N
C 9 8 11 12 2 0 2 0 1 0 3 6 4 7 2 0 0 0 1 0 N
C 9 8 12 11 2 0 2 0 1 0 3 7 3 7 2 0 0 0 1 0 N
A 9 8 12 11 2 0 2 0 1 0 2 7 3 8 2 0 0 0 1 0 N
G 10 7 12 11 2 0 2 0 1 0 3 7 3 7 2 0 0 0 2 0 N
C 10 6 12 12 2 0 2 0 1 0 4 7 2 7 2 0 0 0 2 0 N
T 10 6 12 12 2 0 2 0 1 0 4 6 3 7 2 0 0 0 2 0 N
T 10 6 12 12 2 0 2 0 1 0 4 5 4 7 2 0 0 0 2 0 N
T 10 7 12 11 2 0 2 0 1 0 4 5 4 7 2 0 0 0 2 0 N
A 9 8 12 11 2 0 2 0 0 0 3 6 4 7 2 0 0 0 2 0 N
C 10 8 12 10 2 0 2 0 0 0 3 6 4 7 2 0 0 0 2 0 N
T 10 8 12 10 2 0 2 0 0 0 3 6 4 7 2 0 0 0 2 0 N
G 9 9 12 10 2 0 2 0 0 0 4 6 4 6 2 0 0 0 2 0 N
T 9 9 12 10 2 0 2 0 0 0 4 5 5 6 1 0 0 0 2 0 N
G 8 10 12 10 3 0 2 0 0 0 5 5 5 5 1 0 0 0 2 0 N
T 8 10 11 11 3 0 2 0 0 0 6 4 5 5 0 0 0 0 2 0 N
G 7 11 11 11 4 0 2 0 0 0 6 4 5 5 0 0 0 0 2 0 N
A 7 11 10 12 4 0 2 0 0 0 5 5 5 5 1 0 0 0 1 0 N
G 7 11 10 12 4 0 2 0 1 0 5 5 5 5 1 0 0 0 1 0 N
G 7 11 10 12 4 0 2 0 1 0 5 5 5 5 1 0 0 0 1 0 N
G 7 11 9 13 4 0 2 0 1 0 5 6 5 4 2 0 0 0 1 0 N
C 6 11 9 14 4 0 2 0 1 0 5 6 4 5 2 0 0 0 1 0 N
T 6 10 10 14 4 0 2 0 1 0 5 6 4 5 3 0 0 0 1 0 N
G 6 11 10 13 4 0 1 0 1 0 5 7 4 4 3 0 0 0 1 0 N
A 6 11 9 14 4 0 1 0 1 0 4 7 4 5 3 0 0 0 0 0 N
A 7 10 9 14 4 0 1 0 2 0 4 7 4 5 3 0 0 0 1 0 N
C 8 10 8 14 4 0 1 0 2 0 4 7 3 6 3 0 0 0 1 0 N
C 7 10 9 14 4 0 1 0 2 0 4 8 2 6 4 0 0 0 1 0 N
T 7 10 9 14 4 0 1 0 2 0 4 8 2 6 4 0 0 0 1 0 N
T 7 11 8 14 4 0 1 0 2 0 4 7 2 7 4 0 0 0 1 0 N
C 7 12 8 13 4 0 1 0 2 0 4 7 1 8 4 0 0 0 1 0 N
T 7 11 9 13 3 0 1 0 2 0 4 6 2 8 4 0 0 0 1 0 N
A 7 12 9 12 3 0 1 0 2 0 4 6 2 8 4 0 0 0 1 0 N
C 8 12 9 11 3 0 1 0 2 0 4 7 1 8 4 0 0 0 1 0 N
A 8 11 10 11 2 0 1 0 2 0 3 7 1 9 4 0 1 0 1 0 N
A 9 11 10 10 2 0 1 0 2 0 2 8 1 9 5 0 1 0 1 0 N
G 10 11 10 9 2 0 1 0 2 0 2 9 1 8 5 0 1 0 1 0 N
T 10 11 9 10 2 0 1 0 2 0 2 8 2 8 4 0 1 0 1 0 N
G 9 12 9 10 3 0 1 0 2 0 3 8 2 7 4 0 1 0 1 0 N
G 8 12 9 11 3 0 1 0 2 0 3 9 2 6 4 0 1 0 1 0 N
T 8 11 9 12 3 0 1 0 2 0 3 9 2 6 3 0 1 0 1 0 N
G 8 12 9 11 4 0 0 0 2 0 3 10 2 5 3 0 1 0 1 0 N
T 8 12 8 12 4 0 0 0 2 0 3 9 3 5 2 0 1 0 1 0 N
T 8 13 7 12 5 0 0 0 2 0 3 9 3 5 2 0 1 0 1 0 N
G 7 14 7 12 5 0 0 0 2 0 3 9 3 5 2 0 1 0 1 0 N
A 7 14 7 12 5 0 0 0 2 0 2 10 3 5 3 0 1 0 0 0 N
G 8 14 6 12 5 0 0 0 3 0 3 10 3 4 3 0 1 0 0 0 N
T 8 13 6 13 5 0 0 0 3 0 3 9 3 5 2 0 1 0 0 1 N
T 8 13 6 13 6 0 0 0 3 0 3 8 4 5 2 0 1 0 0 1 N
G 8 13 6 13 6 0 0 0 3 0 4 8 4 4 2 0 1 0 0 1 N
G 7 13 6 14 6 0 0 0 3 0 4 9 4 3 2 0 1 0 0 1 N
C 7 13 5 15 6 0 0 0 3 0 4 10 3 3 2 0 1 0 0 1 N
A 7 12 6 15 6 0 0 0 3 0 4 10 3 3 2 0 1 0 0 1 N
T 8 12 6 14 6 0 0 0 3 0 5 9 3 3 2 0 1 1 0 1 N
G 8 12 6 14 5 0 0 0 3 0 6 9 3 2 2 0 0 1 0 1 N
T 8 12 6 14 5 0 1 0 3 0 7 8 3 2 1 0 0 1 0 1 N
T 8 12 6 14 5 0 1 0 3 0 8 7 3 2 1 0 0 1 0 1 N
C 8 13 6 13 5 0 1 0 3 0 8 7 3 2 1 0 0 1 0 1 N
A 7 13 7 13 5 0 1 0 2 0 7 7 4 2 1 0 0 1 0 1 N
T 8 13 7 12 5 0 1 0 2 0 7 6 5 2 1 0 0 1 0 1 N
T 8 14 7 11 5 0 1 0 2 0 7 5 6 2 1 0 0 1 0 1 N
T 8 15 7 10 5 0 1 0 2 0 7 5 6 2 1 0 0 1 0 1 N
C 8 16 6 10 5 0 1 0 2 0 7 5 6 2 1 0 0 1 0 1 N
T 8 15 7 10 5 0 1 0 2 0 7 4 6 3 1 0 0 1 0 1 N
G 8 16 7 9 5 0 1 0 2 0 7 5 6 2 2 0 0 1 0 1 N
T 7 16 7 10 5 0 1 0 1 0 7 4 6 3 1 0 0 1 0 1 N
A 6 17 7 10 6 0 1 0 1 0 6 5 6 3 2 0 0 1 0 1 N
G 7 17 6 10 6 0 1 0 1 0 6 5 7 2 2 0 0 1 0 0 N
C 7 17 5 11 6 0 1 0 1 1 6 6 6 2 2 0 0 1 0 0 N
A 7 16 6 11 6 0 1 0 1 1 5 6 6 3 2 0 0 1 0 0 N
T 8 15 6 11 6 0 1 0 1 1 5 6 6 3 3 0 0 1 0 0 N
T 8 16 5 11 6 0 1 0 1 1 5 5 7 3 3 0 0 1 0 0 N
A 8 16 5 11 6 0 1 0 1 1 4 5 8 3 3 0 0 1 0 0 N
A 8 16 5 11 6 0 1 0 1 1 3 5 9 3 3 0 0 0 0 0 N
A 9 16 4 11 6 0 1 1 1 1 2 5 10 3 3 0 0 0 0 0 N
A 9 16 4 11 6 0 1 1 1 1 1 6 10 3 3 0 0 0 0 0 N
A 9 16 4 11 6 0 1 1 1 1 0 7 10 3 3 0 0 0 0 0 N
C 10 16 4 10 6 0 1 1 1 1 0 7 9 3 3 0 0 0 0 0 N
C 10 15 5 10 5 0 1 1 1 1 0 7 8 3 3 0 0 0 0 0 N
C 10 15 6 9 5 0 1 1 1 1 0 7 7 3 3 0 0 0 0 0 N
C 10 15 7 8 5 0 1 1 1 1 0 7 6 3 3 0 0 0 0 0 N
T 10 14 8 8 4 0 1 1 1 1 0 6 6 3 3 0 0 0 0 0 N
C 10 15 8 7 4 0 1 1 1 1 0 6 5 3 3 0 0 0 0 0 N
G 10 14 9 7 3 0 1 1 1 1 0 6 5 2 3 0 0 0 0 0 N
T 10 13 9 8 3 0 1 1 1 1 0 5 5 2 2 0 0 0 0 0 N
G 10 14 9 7 4 0 1 1 1 1 0 5 5 1 2 0 0 0 0 0 N
T 9 14 9 8 4 0 1 1 0 1 0 4 5 1 1 0 0 0 0 0 N
C 9 15 9 7 5 0 1 1 0 1 0 4 4 1 1 0 0 0 0 0 N
T 9 14 10 7 4 0 1 1 0 1 0 3 4 1 1 0 0 0 0 0 N
G 9 14 10 7 4 0 1 1 0 1 0 3 4 0 1 0 0 0 0 0 N
T 9 14 10 7 4 0 1 1 0 1 0 2 4 0 0 0 0 0 0 0 N
C 9 15 10 6 5 0 1 1 0 1 0 2 3 0 0 0 0 0 0 0 N
C 9 15 10 6 5 0 1 1 0 1 0 2 2 0 0 0 0 0 0 0 N
C 8 15 11 6 5 0 1 1 0 1 0 2 1 0 0 0 0 0 0 0 N
C 8 14 12 6 5 0 1 1 0 1 0 2 0 0 0 0 0 0 0 0 N
T 8 14 13 5 5 0 0 1 0 1 0 1 0 0 0 0 0 0 0 0 N
T 8 14 13 5 4 0 0 1 0 1 0 0 0 0 0 0 0 0 0 0 N

