G 0 0 0 0 0 0 0 0 0 0 13 1 1 5 1 0 0 0 0 0 N
A 0 0 0 1 0 0 0 0 0 0 12 1 1 6 1 0 0 0 0 0 N
G 1 0 0 1 0 0 0 0 0 0 12 1 1 6 1 0 0 0 0 0 N
A 1 0 0 2 0 0 0 0 0 0 11 1 1 7 1 0 0 0 0 0 N
A 2 0 0 2 0 0 0 0 0 0 11 1 1 7 1 0 0 0 0 0 N
A 3 0 0 2 0 0 0 0 0 0 10 1 1 8 1 0 0 0 0 0 N
A 4 0 0 2 0 0 0 0 0 0 9 2 1 8 2 0 0 0 0 0 N
A 5 0 0 2 0 0 0 0 0 0 8 2 1 9 2 0 0 0 0 0 N
G 6 0 0 2 0 0 0 0 0 0 8 2 1 9 2 0 0 0 0 0 N
A 6 0 0 3 0 0 0 0 0 0 7 2 2 9 2 0 0 0 0 0 N
G 7 0 0 3 0 0 0 0 0 0 8 2 2 8 2 0 0 0 0 0 N
A 7 0 0 4 0 0 0 0 0 0 7 2 2 9 2 0 0 0 0 0 N
G 8 0 0 4 0 0 0 0 0 0 7 2 2 9 2 0 0 0 0 0 N
A 8 0 0 5 0 0 0 0 0 0 6 2 2 10 2 0 0 0 0 0 N
A 9 0 0 5 0 0 0 0 0 0 5 2 3 10 2 0 0 0 0 0 N
A 10 0 0 5 0 0 0 0 0 0 5 2 3 10 2 0 0 0 0 0 N
G 11 0 0 5 0 0 0 0 0 0 5 2 3 10 2 0 0 0 0 0 N
T 11 0 0 6 0 0 0 0 0 0 5 1 3 11 1 0 0 0 0 0 N
C 11 1 0 6 1 0 0 0 0 0 6 1 2 11 1 0 0 0 0 0 N
A 11 1 1 6 1 0 0 0 0 0 6 1 2 11 1 0 0 0 0 0 N
A 12 1 1 6 1 0 0 0 0 0 5 1 3 11 1 0 0 0 0 0 N
G 13 1 1 6 1 0 0 0 0 0 5 2 3 10 1 0 0 0 0 0 N
G 13 1 1 7 1 0 0 0 0 0 5 2 4 9 1 0 0 0 0 0 N
G 13 1 1 8 1 0 0 0 0 0 5 3 4 8 1 0 0 0 0 0 N
A 13 1 1 9 1 0 0 0 0 0 4 3 4 9 1 0 0 0 0 0 N
G 14 1 1 9 1 0 0 0 0 0 4 3 4 9 1 0 0 0 0 0 N
T 14 1 1 10 1 0 0 0 0 0 5 2 4 9 0 0 0 0 0 0 N
G 14 2 1 10 2 0 0 0 0 0 5 2 4 9 0 0 0 0 0 0 N
G 14 2 1 11 2 0 0 0 0 0 5 2 5 8 0 0 0 0 0 0 N
C 14 2 1 12 2 0 0 0 0 0 6 2 4 8 0 0 0 0 0 0 N
A 14 2 2 12 2 0 0 0 0 0 5 2 5 8 0 0 0 0 0 0 N
G 15 2 2 12 2 0 0 0 0 0 5 2 6 7 0 0 0 0 0 0 N
G 15 2 2 13 2 0 0 0 0 0 6 2 6 6 0 0 0 0 0 0 N
G 15 2 2 14 2 0 0 0 0 0 6 2 6 6 0 0 0 0 0 0 N
C 15 2 2 15 2 0 0 0 0 0 6 2 5 7 0 0 0 0 0 0 N
A 15 2 3 15 2 0 0 0 0 0 5 2 5 8 0 0 0 0 0 0 N
G 16 2 3 15 2 0 0 0 0 0 5 2 5 8 0 0 0 0 0 0 N
G 16 2 3 16 2 0 0 0 0 0 6 2 5 7 0 0 0 0 0 0 N
A 16 2 3 17 2 0 0 0 0 0 6 2 5 7 0 0 0 0 0 0 N
A 17 2 3 17 2 0 0 0 0 0 5 2 5 8 0 0 0 0 0 0 N
C 18 2 3 17 2 0 0 0 0 0 6 2 4 8 0 0 0 0 0 0 N
T 18 2 4 16 2 0 0 0 0 0 7 1 4 8 0 0 0 0 0 0 N
C 17 3 4 16 2 0 0 0 0 0 7 1 3 9 0 0 0 0 0 0 N
T 17 3 5 15 2 0 0 0 0 0 7 0 3 10 0 0 0 0 0 0 N
G 16 4 5 15 2 0 0 0 0 0 8 0 3 9 0 0 0 0 0 0 N
G 15 4 5 16 2 0 0 0 0 0 9 0 3 8 0 0 0 0 0 0 N
A 14 4 5 17 2 0 0 0 0 0 8 0 3 9 0 0 0 0 0 0 N
G 14 4 5 17 2 0 0 0 0 0 9 0 3 8 0 0 0 0 0 0 N
C 13 4 5 18 2 0 0 0 0 0 9 0 2 9 0 0 0 0 0 0 N
A 13 4 6 17 2 0 0 0 0 0 8 0 3 9 0 0 0 0 0 0 N
C 13 4 6 17 2 0 0 0 0 0 8 0 3 9 0 0 0 0 0 0 N
C 13 4 7 16 2 0 0 0 0 0 8 1 2 9 0 0 0 0 0 0 N
A 12 4 8 16 2 0 0 0 0 0 7 2 2 9 0 0 0 0 0 0 N
G 13 4 8 15 2 0 0 0 0 0 7 2 3 8 0 0 0 0 0 0 N
G 12 4 8 16 2 0 0 0 0 0 8 2 3 7 0 0 0 0 0 0 N
G 11 4 8 17 2 0 0 0 0 0 9 2 3 6 0 0 0 0 0 0 N
G 10 4 8 18 2 0 0 0 0 0 9 2 3 6 0 0 0 0 0 0 N
A 10 4 8 18 2 0 0 0 0 0 8 3 3 6 1 0 0 0 0 0 N
A 11 3 8 18 1 0 0 0 0 0 8 3 3 6 1 0 0 0 0 0 N
G 12 3 7 18 1 0 0 0 0 0 9 3 3 5 1 0 0 1 0 0 N
A 11 3 7 19 1 0 0 0 0 0 8 3 3 6 1 0 0 1 0 0 N
A 11 3 7 19 1 0 0 0 0 0 7 4 3 6 2 0 0 1 0 0 N
G 12 3 7 18 1 0 0 0 0 0 7 4 3 6 2 0 0 1 0 0 N
G 12 3 7 18 1 0 0 0 0 0 7 4 3 6 2 0 0 1 0 0 N
A 12 3 7 18 1 0 0 0 0 0 7 4 3 6 2 0 0 1 0 0 N
A 12 3 7 18 1 0 0 0 0 0 7 4 3 6 2 0 0 1 0 0 N
G 13 3 7 17 1 0 0 0 0 0 7 4 4 5 2 0 0 1 0 0 N
A 13 2 7 18 0 0 0 0 0 0 7 4 4 5 2 0 0 1 0 0 N
G 14 2 7 17 0 0 0 0 0 0 7 5 4 4 2 0 0 1 0 0 N
C 14 2 7 17 0 0 0 0 0 0 7 6 3 4 2 0 0 1 0 0 N
C 14 2 7 17 0 0 0 0 0 0 7 6 2 5 2 0 0 1 0 0 N
T 13 2 8 17 0 0 0 0 0 0 8 5 2 5 2 0 0 1 1 0 N
T 13 3 8 16 0 0 0 0 0 0 8 4 2 6 2 0 0 1 1 0 N
C 13 4 8 15 0 0 0 0 0 0 8 4 1 7 2 0 0 1 1 0 N
A 13 4 9 14 0 0 0 0 0 0 8 4 1 7 2 0 0 1 1 0 N
A 14 4 8 14 0 0 0 0 0 0 7 4 2 7 2 0 0 1 1 0 N
G 14 4 8 14 0 0 0 0 0 0 8 4 2 6 2 0 0 1 1 0 N
T 14 4 8 14 0 0 0 0 0 0 9 3 2 6 1 0 0 1 1 0 N
A 14 5 8 13 1 0 0 0 0 0 9 3 2 6 1 0 0 1 1 0 N
A 14 5 8 13 1 0 0 0 0 0 8 3 2 7 1 0 0 0 1 0 N
G 14 5 8 13 1 0 0 1 0 0 9 3 2 6 1 0 0 0 1 0 N
T 14 5 7 14 1 0 0 1 0 0 9 2 3 6 0 0 0 0 1 0 N
G 14 5 7 14 2 0 0 1 0 0 9 2 4 5 0 0 0 0 1 0 N
G 14 5 6 15 2 0 0 1 0 0 9 2 4 5 0 0 0 0 1 0 N
A 14 4 6 16 2 0 0 1 0 0 8 3 4 5 1 0 0 0 1 0 N
A 15 4 6 15 2 0 0 1 0 0 7 3 4 6 1 0 0 0 1 0 N
C 16 4 6 14 2 0 0 1 0 0 8 3 3 6 1 0 0 0 2 0 N
A 15 4 7 14 2 0 0 1 0 0 7 3 3 7 1 0 0 0 2 0 N
T 16 4 7 13 2 0 0 1 0 0 8 2 3 7 1 0 0 0 2 0 N
T 16 5 6 13 2 0 0 1 0 0 8 1 4 7 1 0 0 0 2 0 N
G 15 6 6 13 2 0 0 1 0 0 8 1 5 6 1 0 0 0 2 0 N
A 15 6 5 14 2 0 0 1 0 0 8 1 5 6 1 0 0 0 1 0 N
G 16 6 4 14 2 0 0 1 1 0 8 1 5 6 1 0 0 0 1 0 N
G 15 6 4 15 2 0 0 1 1 0 8 1 5 6 1 0 0 0 1 0 N
A 15 6 4 15 2 0 0 1 1 0 7 1 6 6 1 0 0 0 1 0 N
C 16 6 4 14 2 0 0 1 1 0 7 2 5 6 1 0 0 0 1 0 N
A 16 6 5 13 2 0 0 1 1 0 6 2 6 6 1 0 0 0 1 0 N
A 17 6 5 12 2 0 0 1 1 0 6 2 6 6 1 0 0 0 1 0 N
A 17 6 5 12 2 0 0 1 1 0 5 2 6 7 1 0 0 0 1 0 N
G 17 6 5 12 2 0 0 1 1 0 5 2 7 6 1 0 0 0 1 0 N
A 17 6 5 12 2 0 0 1 1 0 4 2 7 7 1 0 0 0 1 0 N
C 17 6 5 12 2 0 0 1 1 0 4 2 6 8 1 0 0 0 1 0 N
C 16 6 6 12 2 0 0 1 1 0 4 2 5 9 1 0 0 0 1 0 N
G 16 6 7 11 2 0 0 1 1 0 4 2 6 8 1 0 0 0 1 0 N
T 16 6 7 11 2 0 0 1 1 0 4 2 6 8 0 0 0 0 1 0 N
G 15 7 7 11 3 0 0 1 1 0 5 2 6 7 0 0 0 0 1 0 N
A 14 7 7 12 3 0 0 1 1 0 4 2 6 8 0 0 0 0 0 1 N
G 15 7 7 11 3 0 0 1 2 0 4 3 6 7 1 0 0 0 0 1 N
A 14 7 7 12 3 0 0 1 2 0 3 3 7 7 1 0 0 0 0 1 N
C 15 7 7 11 3 0 0 1 2 0 3 4 6 7 1 0 0 0 0 1 N
C 15 7 7 11 3 0 0 1 2 0 3 5 5 7 1 0 0 0 0 1 N
A 15 7 7 11 3 0 0 1 2 0 2 6 5 7 1 0 0 0 0 1 N
G 16 6 7 11 3 0 0 1 2 0 2 6 6 6 1 0 0 0 0 1 N
G 16 5 7 12 3 0 0 1 2 0 2 7 6 5 1 0 0 0 0 1 N
C 16 5 6 13 3 0 0 1 2 0 2 8 5 5 1 0 0 0 0 1 N
T 15 5 7 13 3 0 0 1 2 0 2 8 5 5 1 0 0 0 0 1 N
C 14 6 7 13 3 0 0 1 2 0 2 8 4 6 1 0 0 0 0 1 N
A 14 6 8 12 3 0 0 1 2 0 1 8 5 6 1 0 0 0 0 1 N
G 15 5 8 12 2 0 0 1 2 0 1 9 5 5 1 0 0 0 0 1 N
C 14 5 8 13 2 0 0 1 2 0 1 10 4 5 1 0 0 0 0 1 N
G 13 5 9 13 2 0 0 0 2 0 1 10 4 5 1 0 0 0 0 1 N
G 13 5 9 13 2 0 0 0 2 0 1 10 4 5 1 0 0 0 0 1 N
G 13 4 9 14 1 0 0 0 2 0 2 10 4 4 1 0 0 0 0 1 N
C 13 4 9 14 1 0 0 0 2 0 2 10 4 4 1 0 0 0 0 1 N
T 13 4 10 13 1 0 0 0 2 0 2 9 5 4 1 0 0 0 0 1 N
A 12 5 10 13 1 0 0 0 2 0 2 9 5 4 1 0 0 0 0 1 N
G 12 5 10 13 1 0 0 0 2 0 2 9 5 4 1 0 0 0 0 0 N
T 12 5 9 14 1 0 0 0 2 1 2 8 5 5 0 0 0 0 0 0 N
C 11 6 9 14 2 0 0 0 2 1 2 8 4 6 0 0 0 0 0 0 N
T 11 5 10 14 2 0 0 0 2 1 2 8 4 6 1 0 0 0 0 0 N
T 11 5 10 14 2 0 0 0 2 1 2 7 5 6 1 0 0 0 0 0 N
T 11 6 10 13 2 0 0 0 2 1 2 7 5 6 1 0 0 0 0 0 N
C 10 7 10 13 2 0 0 0 1 1 2 7 5 6 1 0 0 0 0 0 N
T 10 7 11 12 2 0 0 0 1 1 2 6 5 7 1 0 0 0 0 0 N
T 10 8 11 11 2 0 0 0 1 1 2 5 6 7 1 0 0 0 0 0 N
T 9 9 11 11 2 0 0 0 1 1 2 5 6 7 1 0 0 0 0 0 N
G 9 10 10 11 2 0 0 0 1 1 2 5 7 6 1 0 0 0 0 0 N
C 8 10 10 12 2 0 0 0 1 1 2 6 6 6 1 0 0 0 0 0 N
T 7 10 11 12 2 0 0 0 1 1 2 5 7 6 1 0 0 0 0 0 N
T 6 11 11 12 2 0 0 0 1 1 2 5 7 6 1 0 0 0 0 0 N
G 6 12 11 11 2 0 0 0 1 1 2 5 7 6 1 0 0 0 0 0 N
G 5 12 11 12 2 0 0 0 1 1 2 6 7 5 2 0 0 0 0 0 N
A 5 12 10 13 2 0 0 0 1 1 1 6 8 5 2 0 0 0 0 0 N
C 6 12 9 13 2 0 0 0 1 1 1 6 8 5 2 0 0 0 0 0 N
C 6 12 10 12 2 0 0 0 1 1 1 7 7 5 2 0 0 0 0 0 N
A 6 11 11 12 1 0 0 0 1 1 0 7 8 5 2 0 0 0 0 0 N
G 7 11 11 11 1 0 0 0 1 1 1 7 8 4 2 0 0 0 0 0 N
G 6 11 11 12 1 0 0 0 0 1 1 7 9 3 2 0 0 0 0 0 N
G 6 11 11 12 1 0 0 0 0 1 1 7 10 2 2 0 0 0 0 0 N
T 5 11 11 13 1 0 0 0 0 1 2 6 10 2 1 0 0 0 0 0 N
C 5 12 10 13 2 0 0 0 0 1 2 6 9 3 1 0 0 0 0 0 N
T 5 12 10 13 2 0 0 0 0 1 3 5 9 3 1 0 0 0 0 0 N
C 4 13 10 13 2 0 0 0 0 1 3 5 8 4 1 0 0 0 0 0 N
G 4 13 11 12 2 0 0 0 0 1 4 5 8 3 1 0 0 0 0 0 N
C 4 13 11 12 2 0 0 0 0 1 4 5 8 3 1 0 0 0 0 0 N
T 4 13 11 12 2 0 0 0 0 1 4 5 8 3 1 0 0 0 0 0 N
C 4 13 11 12 2 0 0 0 0 1 4 5 8 3 1 0 0 0 0 0 N
T 4 13 11 12 2 0 0 0 0 1 4 5 8 3 1 0 0 0 0 0 N
C 3 14 11 12 2 0 0 0 0 1 4 5 7 4 1 0 0 0 0 0 N
T 3 14 12 11 2 0 0 0 0 1 5 4 7 4 1 0 0 0 1 0 N
G 3 15 11 11 2 0 0 0 0 1 6 4 7 3 1 0 0 0 1 0 N
T 3 15 11 11 2 0 0 0 0 1 6 3 8 3 0 0 0 0 1 0 N
C 3 16 11 10 3 0 0 0 0 1 6 4 7 3 0 0 0 0 1 0 N
C 3 16 12 9 3 0 0 0 0 1 6 4 7 3 0 0 0 0 1 0 N
T 3 16 12 9 3 0 0 0 0 1 6 3 8 3 0 0 0 0 1 0 N
C 3 16 12 9 3 0 0 0 0 1 6 3 8 3 0 0 0 0 1 0 N
A 2 16 13 9 3 0 0 0 0 1 5 4 8 3 0 0 0 0 1 0 N
C 3 16 13 8 3 0 0 0 0 0 5 4 8 3 0 0 0 0 1 0 N
C 3 15 14 8 2 0 0 0 0 0 5 5 7 3 0 0 0 0 1 0 N
A 3 15 14 8 2 0 0 0 0 0 4 5 8 3 0 0 0 0 1 0 N
G 4 14 14 8 2 0 0 0 0 0 4 6 8 2 0 0 0 0 1 0 N
A 4 13 14 9 2 0 0 0 0 0 3 7 8 2 0 0 0 0 1 0 N
G 5 12 14 9 2 0 0 0 0 0 3 7 9 1 0 0 0 0 1 0 N
A 5 12 13 10 2 0 0 0 0 0 2 7 10 1 0 0 0 0 1 0 N
C 6 11 13 10 2 0 0 0 0 0 2 8 9 1 0 0 0 0 1 0 N
T 6 10 14 10 2 0 0 0 0 0 2 7 10 1 0 0 0 0 1 0 N
C 6 10 14 10 2 0 0 0 0 0 3 7 9 1 0 0 0 0 1 0 N
T 6 10 15 9 2 0 0 0 0 0 3 6 10 1 0 0 0 0 1 0 N
G 6 11 14 9 2 0 0 0 0 0 4 6 10 0 0 0 0 0 1 0 N
A 6 10 14 10 2 0 0 0 0 0 3 6 10 1 0 0 0 0 0 0 N
A 7 9 14 10 2 0 0 0 1 0 3 6 10 1 0 0 0 0 0 0 N
C 8 9 14 9 2 0 0 0 1 0 3 7 9 1 0 0 0 0 0 0 N
T 8 9 15 8 2 0 0 0 1 0 3 6 9 2 0 0 1 0 0 0 N
C 7 10 15 8 2 0 0 0 1 0 3 6 8 3 0 0 1 0 0 0 N
C 7 10 15 8 2 0 0 0 1 0 4 6 7 3 0 0 1 0 0 0 N
C 7 10 15 8 2 0 0 0 1 0 4 7 6 3 0 0 1 0 0 0 N
T 6 10 16 8 2 0 0 0 1 0 4 7 6 3 0 0 1 0 0 0 N
C 6 11 16 7 2 0 0 0 1 0 4 7 6 3 0 0 1 0 0 0 N
T 6 11 17 6 2 0 0 0 1 0 5 6 6 3 0 0 1 0 0 0 N
C 6 12 17 5 2 0 0 0 1 0 5 7 5 3 0 0 1 0 0 0 N
T 6 11 18 5 1 0 0 0 1 0 5 6 5 4 0 0 2 0 0 0 N
T 6 12 17 5 1 0 0 0 1 0 5 5 5 5 0 0 2 0 0 0 N
C 6 12 17 5 1 0 0 0 1 0 5 5 4 6 0 0 2 0 0 0 N
C 6 12 17 5 1 0 0 0 1 0 5 6 3 6 1 0 2 0 0 0 N
T 6 12 18 4 1 0 0 0 1 0 5 5 3 7 1 0 2 0 0 0 N
C 6 13 17 4 1 0 0 0 1 0 5 5 2 8 1 0 2 0 0 0 N
A 6 12 18 4 1 0 0 0 1 0 4 6 2 8 2 0 2 0 0 0 N
C 7 12 17 4 1 0 0 0 1 0 4 6 1 9 2 0 2 0 0 0 N
A 7 11 18 4 1 0 0 0 1 0 3 6 2 9 2 0 2 0 0 0 N
G 8 11 17 4 1 0 0 0 1 0 3 7 2 8 2 0 2 0 0 0 N
A 8 10 17 5 1 0 0 0 1 0 2 7 2 9 2 0 2 0 0 0 C
T 9 10 17 4 1 0 0 0 1 0 2 6 3 9 2 0 2 0 0 0 C
G 9 10 17 4 0 0 0 0 1 0 2 7 3 8 2 0 1 0 0 0 C
G 9 10 16 5 0 0 1 0 1 0 2 7 3 8 2 0 1 0 0 0 C
A 9 10 15 6 0 0 1 0 1 0 1 7 3 9 2 0 1 0 0 0 C
T 10 9 15 6 0 0 1 0 1 0 1 6 3 10 2 0 1 0 0 0 C
T 10 10 14 6 0 0 1 0 1 0 1 5 4 10 2 0 1 0 0 0 C
C 9 11 14 6 0 0 1 0 1 0 1 5 4 10 2 0 1 0 0 0 C
A 9 11 14 6 0 0 1 0 1 0 0 6 4 10 2 0 1 0 0 0 C
T 10 11 13 6 0 0 1 0 1 0 1 5 4 10 2 0 1 0 0 0 C
G 9 12 13 6 0 0 1 0 1 0 1 5 5 9 2 0 0 0 0 0 C
G 9 12 13 6 0 0 2 0 1 0 2 5 5 8 2 0 0 0 0 0 C
G 8 12 13 7 0 0 2 0 1 0 3 5 5 7 2 0 0 0 0 0 C
T 8 12 13 7 0 0 2 0 1 0 4 4 5 7 1 0 0 0 0 0 C
G 7 13 13 7 1 0 2 0 1 0 4 5 5 6 1 0 0 0 0 0 C
G 7 13 12 8 1 0 2 0 1 0 4 5 6 5 1 0 0 0 0 0 C
T 7 12 12 9 1 0 2 0 1 0 5 4 6 5 0 0 0 0 0 0 C
G 7 13 11 9 2 0 2 0 1 0 5 5 6 4 0 0 0 0 0 0 C
C 7 12 11 10 2 0 2 0 1 0 6 5 5 4 0 0 0 0 0 0 C
T 7 12 12 9 2 0 2 0 1 0 6 5 5 4 0 0 0 0 0 0 C
G 6 13 12 9 2 0 2 0 0 0 6 5 5 4 0 0 1 0 0 0 C
C 5 13 12 10 2 0 2 0 0 0 6 5 4 5 0 0 1 0 0 0 C
T 5 13 12 10 2 0 2 0 0 0 6 4 5 5 0 0 1 0 0 0 C
G 5 13 12 10 2 0 2 0 0 0 6 5 5 4 0 0 1 0 0 0 C
G 5 13 11 11 2 0 2 0 0 0 6 5 6 3 0 0 1 0 0 0 C
G 5 13 10 12 2 0 2 0 0 0 6 5 7 2 0 0 1 0 0 0 C
C 5 13 9 13 2 0 2 0 0 0 6 5 7 2 0 0 1 0 0 0 C
C 5 12 10 13 2 0 2 0 0 0 7 5 6 2 0 0 1 0 0 0 C
T 5 12 10 13 2 0 2 0 0 0 7 4 7 2 0 0 1 0 0 0 C
A 5 12 10 13 2 0 2 0 0 0 6 5 7 2 0 0 1 0 0 0 C
C 6 12 9 13 2 0 2 0 0 0 6 5 7 2 0 0 1 0 0 0 C
A 6 11 10 13 2 0 2 0 0 0 5 5 8 2 0 0 1 0 0 0 C
A 7 10 10 13 2 0 2 0 0 0 4 6 8 2 0 0 1 0 0 0 C
A 8 10 9 13 2 0 2 0 0 0 3 6 8 3 0 0 1 0 0 0 C
T 9 10 8 13 2 0 2 0 0 0 4 5 8 3 0 0 1 0 1 0 C
C 9 10 8 13 2 0 2 0 0 0 4 5 8 3 0 0 1 0 1 0 C
A 9 10 8 13 2 0 2 0 0 0 3 5 9 3 0 0 1 0 1 0 C
T 9 10 8 13 2 0 2 0 0 0 3 4 10 3 0 0 1 0 1 0 C
A 9 11 7 13 2 0 2 0 0 0 3 4 10 3 0 0 1 0 1 0 C
T 9 11 7 13 2 0 2 0 0 0 3 3 11 3 0 0 1 0 1 0 C
G 9 12 7 12 2 0 2 0 0 0 3 3 11 3 0 0 0 0 1 0 C
G 8 12 7 13 2 0 3 0 0 0 3 3 11 3 0 0 0 0 1 0 C
C 8 11 7 14 2 0 3 0 0 0 3 4 10 3 1 0 0 0 1 0 C
T 8 11 8 13 2 0 2 0 0 0 4 3 10 3 1 0 0 0 1 0 C
C 8 12 8 12 2 0 2 0 0 0 4 3 10 3 1 0 0 0 1 0 C
C 7 12 9 12 2 0 2 0 0 0 5 3 9 3 1 0 0 0 1 0 C
C 7 11 10 12 2 0 2 0 0 0 5 3 8 4 1 0 0 0 1 0 C
A 7 10 11 12 2 0 2 0 0 0 4 3 9 4 1 0 0 0 1 0 C
C 8 10 10 12 2 0 2 0 0 0 4 3 9 4 1 0 0 0 1 0 C
T 7 10 11 12 2 0 2 0 0 0 4 2 10 4 1 0 0 0 1 0 C
C 7 10 11 12 2 0 2 0 0 0 4 2 10 4 1 0 0 0 1 0 C
C 7 10 12 11 2 0 1 0 0 0 4 2 10 4 1 0 0 0 1 0 C
T 7 10 13 10 2 0 1 0 0 0 5 1 10 4 1 0 0 0 1 0 C
G 7 11 13 9 2 0 1 0 0 0 5 1 11 3 1 0 0 0 1 0 C
A 7 10 13 10 1 0 1 0 0 0 4 2 11 3 1 0 0 0 0 0 C
C 8 10 13 9 1 0 1 0 1 0 4 2 11 3 1 0 0 0 0 0 C
C 8 10 14 8 1 0 1 0 1 0 4 2 11 3 1 0 0 0 0 0 C
C 8 9 15 8 0 0 1 0 1 0 4 2 11 3 1 0 0 0 0 0 C
A 8 9 16 7 0 0 1 0 1 0 4 2 11 3 1 0 0 0 0 0 C
C 9 9 15 7 0 0 1 0 1 0 4 2 11 3 1 0 0 0 0 0 C
G 9 8 16 7 0 0 1 0 1 0 4 2 12 2 1 0 0 0 0 0 C
G 9 8 16 7 0 0 1 0 1 0 4 2 13 1 1 0 0 0 0 0 C
T 9 8 15 8 0 0 1 0 1 0 4 2 13 1 0 0 0 0 0 0 C
A 9 8 15 8 1 0 1 0 1 0 3 2 13 2 0 0 0 0 0 0 C
C 10 8 15 7 1 0 1 0 1 0 4 2 12 2 0 0 0 0 1 0 C
A 10 8 16 6 1 0 1 0 1 0 3 2 12 3 0 0 0 0 1 0 C
G 11 8 16 5 1 0 1 0 1 0 4 2 12 2 0 0 0 0 1 0 C
C 11 8 15 6 1 0 1 0 1 0 4 3 11 2 0 0 0 0 1 0 C
C 11 8 15 6 1 0 1 0 1 0 4 4 10 2 0 0 0 0 1 0 C
C 11 7 16 6 1 0 1 0 1 0 4 5 9 2 0 0 0 0 1 0 C
C 10 7 17 6 1 0 1 0 1 0 4 5 8 3 0 0 0 0 1 0 C
C 10 7 17 6 1 0 1 0 1 0 4 6 7 3 1 0 0 0 1 0 C
A 9 7 18 6 1 0 1 0 1 0 3 6 7 4 1 0 0 0 1 0 C
C 9 7 18 6 1 0 1 0 1 0 3 6 6 5 1 0 0 0 1 0 C
T 8 7 19 6 1 0 1 0 1 0 3 5 7 5 1 0 0 0 1 0 C
C 8 7 19 6 1 0 1 0 1 0 3 6 6 5 1 0 0 0 1 0 C
C 8 7 19 6 1 0 1 0 1 0 3 6 5 6 1 0 0 0 1 0 C
C 7 7 20 6 1 0 1 0 1 0 3 7 4 6 2 0 0 0 1 0 C
A 7 6 21 6 1 0 1 0 1 0 2 7 4 7 2 0 0 0 1 0 C
C 7 6 21 6 1 0 1 0 1 0 2 7 3 8 2 0 0 0 1 0 C
C 7 5 22 6 1 0 1 0 1 0 2 7 2 9 2 0 0 0 1 0 C
C 7 5 23 5 1 0 0 0 1 0 2 7 2 9 2 0 0 0 1 0 C
T 7 5 24 4 1 0 0 0 1 0 2 6 2 10 2 0 0 0 1 0 C
G 7 6 23 4 1 0 0 0 1 0 3 6 2 9 2 0 0 0 1 0 C
A 7 5 23 5 1 0 0 0 1 0 2 6 3 9 2 0 0 0 0 0 C
G 8 5 22 5 1 0 0 0 2 0 2 7 3 8 2 0 0 0 0 0 C
A 8 5 21 6 1 0 0 0 2 0 1 7 3 9 2 0 0 0 0 0 C
T 9 5 20 6 1 0 0 0 2 0 1 6 3 10 2 0 0 0 0 0 C
T 8 6 20 6 1 0 0 0 2 0 1 5 3 11 2 0 0 0 0 0 C
T 8 7 19 6 1 0 0 0 2 0 1 4 3 12 2 0 0 0 0 0 C
G 8 7 19 6 1 0 0 0 2 0 2 4 3 11 2 0 0 0 0 0 C
T 8 7 18 7 1 0 0 0 2 0 2 3 3 12 1 0 0 0 0 0 C
G 8 8 17 7 2 0 0 0 2 0 2 3 3 12 1 0 0 0 0 0 C
G 8 7 17 8 2 0 0 0 2 0 2 3 3 12 1 0 0 0 0 0 C
C 8 7 17 8 2 0 0 0 2 0 2 3 2 13 1 0 0 0 0 0 C
T 7 7 18 8 2 0 0 0 1 0 2 3 2 13 2 0 0 0 0 0 C
G 7 8 17 8 2 0 0 0 1 0 2 3 3 12 2 0 0 0 0 0 C
T 7 8 16 9 2 0 0 0 1 0 2 2 4 12 1 0 0 0 0 0 C
G 7 9 15 9 3 0 0 0 1 0 2 2 5 11 1 0 0 0 0 0 C
G 6 9 15 10 3 0 0 0 1 0 2 2 6 10 1 0 0 0 0 0 C
G 6 9 14 11 3 0 0 0 1 0 3 2 6 9 1 0 0 0 0 0 C
C 6 9 14 11 3 0 0 0 1 0 4 2 5 9 1 0 0 0 0 0 C
G 6 9 15 10 3 0 0 0 1 0 4 3 5 8 1 0 0 0 0 0 C
A 6 8 15 11 2 0 0 0 1 0 3 3 5 9 1 0 1 0 0 0 C
C 6 8 15 11 2 0 0 0 1 0 3 3 5 9 1 0 1 0 0 0 C
T 6 8 15 11 2 0 0 0 1 0 3 2 6 9 1 0 1 0 0 0 C
G 5 9 15 11 2 0 0 0 1 0 3 2 7 8 1 0 1 0 0 0 C
G 5 9 15 11 2 0 0 0 1 0 3 2 8 7 1 0 1 0 0 0 C
G 5 9 14 12 2 0 0 0 1 0 4 2 8 6 1 0 1 0 0 0 C
G 5 9 13 13 2 0 0 0 1 0 4 3 8 5 1 0 1 0 0 0 C
A 5 9 12 14 2 0 0 0 1 0 3 4 8 5 1 0 1 0 0 0 C
G 6 9 11 14 2 0 0 0 1 0 3 4 9 4 1 0 1 0 0 0 C
G 6 9 10 15 2 0 0 0 1 0 3 4 10 3 1 0 1 0 0 0 C
G 5 9 10 16 2 0 0 0 1 0 4 4 10 2 1 0 1 0 0 0 C
G 5 9 9 17 2 0 0 0 1 0 4 4 11 1 1 0 1 0 0 0 C
T 5 8 9 18 2 0 0 0 1 0 5 3 11 1 0 0 1 0 0 0 C
C 5 9 8 18 3 0 0 0 1 0 5 3 11 1 0 0 1 0 0 0 C
C 5 9 8 18 3 0 0 0 1 0 6 3 10 1 0 0 1 0 0 0 C
C 5 9 8 18 3 0 0 0 1 0 6 3 9 2 0 0 1 0 0 0 C
C 4 9 9 18 3 0 0 0 1 0 6 3 9 2 0 0 1 0 0 0 C
A 4 9 9 18 3 0 0 0 1 0 5 3 10 2 0 0 1 0 0 0 C
A 5 9 8 18 3 0 0 0 1 0 4 3 11 2 0 0 1 0 0 0 C
T 6 9 7 18 3 0 0 0 1 0 4 2 11 3 0 0 1 0 0 0 C
G 6 9 7 18 3 0 0 0 1 0 4 2 11 3 0 0 0 0 0 0 C
C 6 9 7 18 3 0 1 0 1 0 4 2 10 4 0 0 0 0 0 0 C
C 5 9 8 18 3 0 1 0 0 0 5 2 9 4 0 0 0 0 0 0 C
C 5 9 9 17 3 0 1 0 0 0 6 2 8 4 0 0 0 0 0 0 C
C 4 9 10 17 3 0 1 0 0 0 7 2 7 4 0 0 0 0 0 0 C
A 4 8 11 17 3 0 1 0 0 0 6 3 7 4 0 0 0 0 0 0 C
T 5 7 11 17 3 0 1 0 0 0 6 2 7 5 0 0 1 0 0 0 C
T 5 7 11 17 3 0 1 0 0 0 6 1 7 6 0 0 1 0 0 0 C
C 5 8 11 16 3 0 1 0 0 0 6 1 7 6 0 0 1 0 0 0 C
C 5 7 12 16 2 0 1 0 0 0 6 1 7 6 0 0 1 0 0 0 C
A 5 7 13 15 2 0 1 0 0 0 6 1 7 6 0 0 1 0 0 0 C
C 6 7 13 14 2 0 1 0 0 0 7 1 6 6 0 0 1 0 0 0 C
A 6 7 13 14 2 0 1 0 0 0 6 2 6 6 0 0 1 0 0 0 C
C 7 6 13 14 2 0 1 0 0 0 6 2 5 7 0 0 2 0 0 0 C
A 7 6 14 13 2 0 1 0 0 0 5 2 6 7 0 0 2 0 0 0 C
G 8 5 14 13 1 0 1 0 0 0 5 2 7 6 0 0 2 0 0 0 C
C 8 5 14 13 1 0 1 0 0 0 6 2 6 6 0 0 2 0 0 0 C
C 8 5 15 12 1 0 1 0 0 0 7 2 5 6 0 0 2 0 0 0 C
C 8 5 16 11 1 0 1 0 0 0 8 2 4 6 0 0 2 0 0 0 C
G 8 5 16 11 1 0 1 0 0 0 8 2 4 6 0 0 2 0 0 0 C
G 8 5 16 11 1 0 1 0 0 0 9 2 4 5 0 0 2 0 0 0 C
G 7 5 16 12 1 0 1 0 0 0 9 2 4 5 0 0 2 0 0 0 C
A 7 5 15 13 1 0 1 0 0 0 9 2 4 5 0 0 2 0 0 0 C
A 8 4 15 13 1 0 1 0 0 0 8 3 4 5 0 0 2 0 0 0 C
A 9 4 15 12 1 0 1 0 0 0 7 3 5 5 0 0 2 0 0 0 C
T 10 4 15 11 1 0 1 0 0 0 7 2 5 6 0 0 2 0 0 0 C
G 10 5 15 10 1 0 1 0 0 0 7 2 6 5 0 0 1 0 0 0 C
G 10 5 15 10 1 0 2 0 0 0 7 2 7 4 0 0 1 0 0 0 C
C 9 5 15 11 1 0 2 0 0 0 8 2 6 4 0 0 1 0 0 0 C
C 9 5 16 10 1 0 2 0 0 0 8 2 5 5 0 0 1 0 0 0 C
A 9 5 17 9 1 0 2 0 0 0 8 2 5 5 0 0 1 0 0 0 C
A 10 5 17 8 1 0 2 0 0 0 8 2 5 5 0 0 1 0 0 0 C
T 11 5 17 7 1 0 2 0 0 0 8 1 6 5 0 0 1 0 0 0 C
G 11 5 17 7 0 0 2 0 0 0 8 1 7 4 0 0 0 0 0 0 C
C 11 5 16 8 0 0 3 0 0 0 8 1 6 5 0 0 0 0 0 0 C
C 11 5 16 8 0 0 3 0 0 0 8 2 5 5 1 0 0 0 0 0 C
A 11 5 16 8 0 0 3 0 0 0 7 2 5 6 1 0 0 0 0 0 C
A 12 5 15 8 0 0 3 0 0 0 6 2 6 6 1 0 0 0 0 0 C
A 12 5 15 8 0 0 3 0 0 0 6 2 6 6 1 0 0 0 0 0 C
G 12 5 15 8 0 0 3 0 0 0 6 2 6 6 1 0 0 0 0 0 C
A 12 4 15 9 0 0 3 0 0 0 6 2 6 6 1 0 0 0 0 0 C
G 13 4 15 8 0 0 2 0 0 0 6 2 7 5 1 0 0 0 0 0 C
A 13 4 14 9 0 0 2 0 0 0 5 2 7 6 1 0 0 0 0 0 C
T 14 4 13 9 0 0 2 0 0 0 6 1 7 6 1 0 0 0 0 0 C
C 14 5 12 9 0 0 2 0 0 0 6 2 6 6 1 0 0 0 0 0 C
G 14 5 12 9 0 0 2 0 0 0 6 2 6 6 1 0 1 0 0 0 C
C 13 5 12 10 0 0 2 0 0 0 6 2 5 7 1 0 1 0 0 0 C
C 13 4 13 10 0 0 2 0 0 0 6 2 4 8 1 0 1 0 0 0 C
A 13 3 14 10 0 0 2 0 0 0 5 2 5 8 1 0 1 0 0 0 C
G 14 3 13 10 0 0 2 0 0 0 5 2 5 8 1 0 1 0 0 0 C
A 14 3 12 11 0 0 2 0 0 0 4 2 6 8 1 0 1 0 0 0 C
A 14 3 12 11 0 0 2 0 0 0 3 3 6 8 1 0 1 0 0 0 C
C 15 3 11 11 0 0 2 0 0 0 3 3 5 9 1 0 1 0 0 0 C
C 14 3 12 11 0 0 2 0 0 0 4 3 4 9 1 0 1 0 1 0 C
G 14 3 12 11 0 0 2 0 0 0 4 3 5 8 1 0 1 0 1 0 C
T 13 3 12 12 0 0 2 0 0 0 4 3 5 8 0 0 1 0 1 0 C
G 13 4 12 11 1 0 2 0 0 0 4 4 5 7 0 0 1 0 1 0 C
C 13 4 11 12 1 0 2 0 0 0 4 4 5 7 0 0 1 0 1 0 C
A 13 4 11 12 1 0 2 0 0 0 4 4 5 7 0 0 1 0 1 0 C
G 14 4 10 12 1 0 2 0 0 0 4 5 5 6 0 0 1 0 1 0 C
A 14 4 10 12 1 0 2 0 0 0 3 5 6 6 0 0 1 0 1 0 C
C 15 4 10 11 1 0 2 0 0 0 4 5 5 6 0 0 1 0 1 0 C
G 15 4 11 10 1 0 2 0 0 0 4 6 5 5 0 0 1 0 1 0 C
A 14 4 11 11 1 0 2 0 0 0 3 6 5 6 0 0 2 0 1 0 C
T 14 4 11 11 1 0 2 0 0 0 3 6 5 6 1 0 2 0 1 0 C
G 13 5 11 11 1 0 2 0 0 0 3 6 6 5 1 0 1 0 1 0 C
G 13 4 11 12 1 0 3 0 0 0 3 7 6 4 1 0 1 0 1 0 C
G 13 4 11 12 1 0 2 0 0 0 3 7 7 3 1 0 1 0 1 0 C
C 13 4 11 12 1 0 2 0 0 0 3 8 6 3 1 0 1 0 1 0 C
G 13 4 11 12 1 0 2 0 0 0 3 8 6 3 1 0 1 0 1 0 C
C 13 4 10 13 1 0 2 0 0 0 3 8 5 4 1 0 1 0 1 0 C
T 12 4 11 13 1 0 2 0 0 0 3 7 5 5 1 0 1 0 1 0 C
G 11 5 11 13 1 0 2 0 0 0 3 7 5 5 1 0 1 0 1 0 C
A 11 4 11 14 1 0 2 0 0 0 2 7 5 6 1 0 1 0 0 0 C
C 12 4 11 13 1 0 1 0 1 0 3 7 4 6 1 0 1 0 0 0 C
T 12 4 11 13 1 0 1 0 1 0 3 6 5 6 1 0 1 0 0 0 C
T 12 5 10 13 1 0 1 0 1 0 4 5 5 6 1 0 1 0 0 0 C
C 11 6 10 13 1 0 1 0 1 0 5 5 4 6 1 0 1 0 0 0 C
A 10 6 11 13 1 0 1 0 1 0 4 6 4 6 1 0 1 0 0 0 C
T 10 6 11 13 1 0 1 0 1 0 4 6 4 6 1 0 1 0 0 0 C
C 10 7 11 12 1 0 1 0 1 0 4 7 3 6 1 0 1 0 0 0 C
A 9 7 12 12 1 0 1 0 1 0 3 7 4 6 1 0 1 0 0 0 C
T 10 7 12 11 1 0 1 0 1 0 3 7 4 6 1 0 1 0 0 0 C
G 9 8 12 11 1 0 1 0 1 0 4 7 4 5 1 0 0 0 0 0 C
T 9 7 12 12 1 0 2 0 1 0 4 6 5 5 0 0 0 0 0 0 C
C 9 8 11 12 2 0 2 0 1 0 4 7 4 5 0 0 0 0 0 0 C
T 9 8 12 11 2 0 2 0 1 0 4 7 4 5 0 0 0 0 0 0 C
C 9 9 11 11 2 0 2 0 1 0 4 7 4 5 0 0 0 0 0 0 C
T 9 9 11 11 2 0 2 0 1 0 5 6 4 5 0 0 0 0 0 0 C
G 8 10 11 11 2 0 2 0 1 0 5 6 5 4 0 0 0 0 0 0 C
G 8 10 11 11 2 0 2 0 1 0 5 7 5 3 0 0 0 0 0 0 C
G 7 10 11 12 2 0 2 0 1 0 5 7 5 3 0 0 0 0 0 0 C
G 6 10 11 13 2 0 2 0 1 0 5 7 5 3 0 0 0 0 0 0 C
G 6 10 10 14 2 0 2 0 1 0 6 7 5 2 0 0 0 0 0 0 C
A 6 10 9 15 2 0 2 0 1 0 5 7 5 3 0 0 0 0 0 0 C
C 7 10 9 14 2 0 2 0 1 0 5 8 4 3 1 0 0 0 0 0 C
A 7 9 10 14 1 0 2 0 1 0 4 8 4 4 1 0 0 0 0 0 C
A 8 9 10 13 1 0 2 0 1 0 3 8 5 4 1 0 0 0 0 0 C
T 9 9 9 13 1 0 2 0 1 0 4 7 5 4 1 0 0 0 0 0 C
T 8 10 9 13 1 0 2 0 1 0 4 6 6 4 1 0 0 0 0 0 C
T 8 11 9 12 1 0 2 0 1 0 4 5 6 5 1 0 0 0 0 0 C
C 7 12 9 12 1 0 2 0 1 0 5 5 5 5 1 0 0 0 0 0 C
T 7 12 9 12 1 0 2 0 1 0 5 5 5 5 1 0 0 0 0 0 C
A 7 13 9 11 1 0 2 0 1 0 4 5 5 6 1 0 1 0 0 0 C
C 7 13 9 11 1 0 2 0 1 0 4 5 5 6 1 0 1 0 0 0 C
T 7 12 10 11 1 0 2 0 1 0 4 4 6 6 1 0 1 0 0 0 C
T 7 13 10 10 1 0 1 0 1 0 5 3 6 6 1 0 1 0 0 0 C
C 7 14 10 9 1 0 1 0 1 0 5 3 5 7 1 0 1 0 0 0 C
A 7 14 11 8 1 0 1 0 1 0 4 3 6 7 1 0 1 0 0 0 C
C 8 14 10 8 1 0 1 0 1 0 4 3 5 8 1 0 1 0 0 0 C
T 8 14 11 7 1 0 1 0 1 0 5 2 5 8 1 0 1 0 0 0 C
G 8 15 10 7 1 0 1 0 1 0 5 2 6 7 1 0 1 0 0 0 C
G 8 14 10 8 1 0 1 0 1 0 6 2 6 6 1 0 1 0 0 0 C
A 8 14 10 8 1 0 1 0 1 0 6 2 6 6 1 0 1 0 0 0 C
G 8 14 10 8 1 0 1 0 0 0 6 2 6 6 1 0 1 0 0 0 C
T 8 14 9 9 1 0 1 0 0 0 7 1 6 6 0 0 1 0 0 0 C
G 8 14 9 9 2 0 1 0 0 0 7 1 6 6 0 0 1 0 0 0 C
C 8 13 9 10 2 0 1 0 0 0 7 1 5 7 0 0 1 0 0 0 C
A 8 13 9 10 2 0 1 0 0 0 6 2 5 7 1 0 1 0 0 0 C
C 8 13 9 10 2 0 1 0 0 0 6 3 4 7 1 0 1 0 0 0 C
G 8 12 10 10 2 0 1 0 0 0 6 3 5 6 1 0 1 0 0 0 C
A 8 12 9 11 2 0 1 0 0 0 5 3 6 6 1 0 1 0 0 0 C
T 8 12 9 11 2 0 1 0 0 0 6 2 6 6 1 0 1 0 0 0 C
G 8 12 9 11 2 0 1 0 0 0 6 2 6 6 1 0 0 0 0 0 C
C 8 12 9 11 2 0 1 0 0 0 6 2 5 7 1 0 0 0 0 0 C
C 8 11 10 11 1 0 1 0 0 0 6 3 4 7 2 0 0 0 0 0 C
A 8 11 10 11 1 0 1 0 0 0 6 3 4 7 2 0 0 0 0 0 C
G 9 10 10 11 1 0 1 0 0 0 6 4 4 6 2 0 0 0 0 0 C
C 9 10 9 12 1 0 1 0 0 0 6 4 3 7 2 0 1 0 0 0 C
G 9 9 10 12 1 0 1 0 0 0 6 5 3 6 3 0 1 0 0 0 C
A 9 9 10 12 1 0 1 0 0 0 5 5 3 7 3 0 1 0 0 0 C
C 10 9 10 11 1 0 1 0 0 0 5 5 3 7 3 0 1 0 0 0 C
A 10 9 11 10 1 0 1 0 0 0 4 6 3 7 3 0 1 0 0 0 C
A 11 9 11 9 1 0 1 0 0 0 3 6 4 7 3 0 1 0 0 0 C
G 12 9 11 8 1 0 1 0 0 0 4 6 4 6 3 0 1 0 0 0 C
A 11 9 11 9 1 0 1 0 0 0 4 6 4 6 3 0 1 0 0 0 C
G 12 9 10 9 1 0 1 0 0 0 4 6 5 5 3 0 1 0 0 0 C
G 11 9 10 10 1 0 1 0 0 0 5 6 5 4 3 0 1 0 0 0 C
T 10 9 10 11 1 0 1 0 0 0 5 5 5 5 2 0 1 0 0 0 C
T 10 9 10 11 2 0 1 0 0 0 5 4 6 5 2 0 1 0 0 0 C
C 10 9 10 11 2 0 1 0 0 0 6 4 5 5 2 0 1 0 0 0 C
C 10 8 11 11 2 0 1 0 0 0 6 4 4 6 2 0 1 0 0 0 C
A 10 8 11 11 2 0 1 0 0 0 5 4 4 7 2 0 1 0 0 0 C
G 11 7 11 11 2 0 1 0 0 0 5 4 4 7 2 0 1 0 0 0 C
G 10 7 11 12 2 0 1 0 0 0 5 5 4 6 3 0 1 0 0 0 N
T 10 7 10 13 2 0 1 0 0 0 5 4 5 6 2 0 1 0 0 0 N
A 10 7 10 13 3 0 1 0 0 0 5 4 5 6 2 0 1 0 0 0 N
T 11 6 10 13 3 0 1 0 0 0 5 3 5 7 2 0 1 0 0 0 N
G 11 7 9 13 3 0 1 0 0 0 6 3 5 6 2 0 0 0 0 0 N
T 10 7 9 14 3 0 2 0 0 0 6 2 5 7 1 0 0 0 0 0 N
G 10 8 8 14 4 0 2 0 0 0 6 2 5 7 1 0 0 0 0 0 N
C 10 7 8 15 4 0 2 0 0 0 6 3 4 7 2 0 0 0 0 0 N
T 10 7 9 14 4 0 2 0 0 0 6 2 4 8 2 0 0 0 0 0 N
C 10 8 9 13 4 0 2 0 0 0 7 2 3 8 2 0 0 0 1 0 N
A 9 8 10 13 4 0 2 0 0 0 6 2 4 8 2 0 0 0 1 0 N
A 10 8 10 12 4 0 2 0 0 0 6 2 4 8 2 0 0 0 1 0 N
C 11 7 10 12 3 0 2 0 0 0 6 2 3 9 2 0 0 0 1 0 N
A 11 7 11 11 3 0 2 0 0 0 5 2 4 9 2 0 0 0 1 0 N
G 12 7 10 11 3 0 2 0 0 0 5 2 4 9 2 0 0 0 1 0 N
C 11 7 10 12 3 0 2 0 0 0 5 2 3 10 2 0 0 0 1 0 N
A 11 7 10 12 3 0 2 0 0 0 4 3 3 10 3 0 0 0 1 0 N
G 12 7 10 11 3 0 2 0 0 0 4 3 3 10 3 0 0 0 1 0 N
G 11 7 10 12 3 0 2 0 0 0 5 3 3 9 3 0 0 0 2 0 N
G 11 6 10 13 3 0 2 0 0 0 5 3 3 9 3 0 0 0 2 0 N
T 11 6 10 13 3 0 1 0 0 0 5 2 3 10 2 0 0 0 2 0 N
C 11 7 9 13 4 0 1 0 0 0 5 3 2 10 3 0 0 0 2 0 N
A 11 7 9 13 4 0 1 0 0 0 4 3 3 10 3 0 0 0 2 0 N
G 11 7 9 13 4 0 1 0 0 0 5 3 3 9 3 0 0 0 2 0 N
A 11 7 9 13 4 0 1 0 0 0 4 3 4 9 3 0 0 0 2 0 N
G 12 7 8 13 4 0 1 0 0 0 4 4 4 8 3 0 0 0 2 0 N
G 12 7 8 13 4 0 1 0 0 0 4 5 4 7 3 0 0 0 2 0 N
T 11 7 8 14 4 0 1 0 0 0 4 4 5 7 2 0 0 0 2 0 N
G 11 8 7 14 5 0 1 0 0 0 5 4 5 6 2 0 0 0 2 0 N
A 10 8 7 15 5 0 1 0 0 0 4 4 6 6 2 0 0 0 1 0 N
C 10 8 7 15 5 0 1 0 1 0 5 4 5 6 2 0 0 0 1 0 N
A 10 8 8 14 5 0 1 0 1 0 4 4 6 6 2 0 0 0 1 0 N
G 10 8 8 14 5 0 1 0 1 0 4 5 6 5 2 0 0 0 1 0 N
C 10 8 8 14 5 0 1 0 1 0 4 5 5 6 2 0 0 0 1 0 N
G 10 8 9 13 5 0 1 0 1 0 4 5 5 6 2 0 0 0 1 0 N
G 10 7 9 14 4 0 1 0 1 0 4 5 5 6 2 0 0 0 1 0 N
T 10 6 9 15 4 0 1 0 1 0 5 4 5 6 1 0 0 0 1 0 N
G 10 7 8 15 5 0 1 0 1 0 5 4 6 5 1 0 0 0 1 0 N
A 10 7 7 16 5 0 1 0 1 0 4 4 7 5 1 0 0 0 0 0 N
G 10 7 7 16 5 0 1 0 2 0 4 5 7 4 1 0 0 0 0 0 N
G 10 7 7 16 5 0 1 0 2 0 4 6 7 3 1 0 0 0 0 0 N
T 10 7 7 16 5 0 1 0 2 0 4 5 8 3 0 0 0 0 0 0 N
C 10 7 7 16 5 0 1 0 2 0 4 5 8 3 0 0 0 0 0 0 N
A 9 7 8 16 5 0 1 0 2 0 3 6 8 3 0 0 0 0 0 0 N
C 10 6 8 16 5 0 1 0 2 0 3 6 8 3 0 0 0 0 0 0 N
T 10 6 9 15 5 0 0 0 2 0 3 6 8 3 0 0 0 0 0 0 N
T 10 6 9 15 4 0 0 0 2 0 3 5 8 4 0 0 0 0 0 0 N
C 10 7 9 14 4 0 0 0 2 0 3 5 7 5 0 0 0 0 0 0 N
A 10 7 9 14 4 0 0 0 2 0 2 5 7 6 0 0 0 0 0 0 N
C 11 6 9 14 4 0 0 0 2 0 2 5 6 7 0 0 0 0 0 0 N
A 11 6 9 14 4 0 0 0 2 0 2 5 6 7 0 0 0 0 0 0 N
C 11 6 9 14 4 0 0 0 2 0 2 5 5 8 0 0 0 0 0 0 N
T 10 6 10 14 4 0 0 0 2 0 3 4 5 8 0 0 0 0 0 0 N
G 10 7 9 14 4 0 0 0 2 0 3 4 5 8 0 0 0 0 0 0 N
G 9 7 9 15 4 0 0 0 2 0 3 4 6 7 0 0 0 0 0 0 N
G 9 7 9 15 4 0 0 0 2 0 4 4 6 6 0 0 0 0 0 0 N
A 9 7 8 16 4 0 0 0 2 0 3 4 6 7 0 0 0 0 0 0 N
C 9 7 8 16 4 0 0 0 2 0 4 4 5 7 0 0 0 0 0 0 N
C 9 7 9 15 4 0 0 0 2 0 5 4 4 7 0 0 0 0 0 0 N
T 9 7 10 14 4 0 0 0 2 0 5 3 4 8 0 0 0 0 0 0 N
T 9 8 10 13 4 0 0 0 2 0 5 2 4 9 0 0 0 0 0 0 N
C 9 8 10 13 3 0 0 0 2 0 5 2 4 9 0 0 0 0 0 0 N
C 9 8 10 13 3 0 0 0 2 0 6 2 3 9 0 0 0 0 0 0 N
T 8 8 11 13 3 0 0 0 2 0 6 1 3 10 0 0 0 0 0 0 N
C 8 9 11 12 3 0 0 0 2 0 7 1 2 10 0 0 0 0 0 0 N
T 7 9 12 12 3 0 0 0 2 0 8 0 2 10 0 0 0 0 0 0 N
G 7 10 12 11 3 0 0 0 2 0 8 0 2 10 0 0 0 0 0 0 N
G 7 10 12 11 3 0 0 0 2 0 8 0 2 10 0 0 0 0 0 0 N
G 7 9 12 12 2 0 0 0 2 0 9 0 2 9 0 0 0 0 0 0 N
G 7 9 12 12 2 0 0 0 2 0 9 1 2 8 0 0 0 0 0 0 N
A 6 9 12 13 2 0 0 0 1 0 8 1 2 9 0 0 1 0 0 0 N
G 7 9 11 13 2 0 0 0 1 0 8 1 3 8 0 0 1 0 0 0 N
A 6 9 11 14 2 0 0 0 1 0 7 1 4 8 0 0 1 0 0 0 N
G 7 9 11 13 2 0 0 0 1 0 7 2 4 7 0 0 1 0 0 0 N
C 7 9 10 14 2 0 0 0 1 0 7 3 3 7 0 0 1 0 0 0 N
A 7 9 11 13 2 0 0 0 1 0 6 4 3 7 0 0 1 0 0 0 N
G 8 9 11 12 2 0 0 0 1 0 6 4 3 7 0 0 1 0 0 0 N
A 8 8 11 13 1 0 0 0 1 0 5 4 3 8 0 0 1 0 0 0 N
A 9 8 11 12 1 0 0 0 1 0 4 4 3 9 0 0 1 0 0 0 N
G 9 8 11 12 1 0 0 0 0 0 4 5 3 8 1 0 1 0 0 0 N
G 9 8 11 12 1 0 0 0 0 0 4 5 4 7 1 0 1 0 0 0 N
C 9 8 11 12 1 0 0 0 0 0 4 5 3 8 1 0 1 0 0 0 N
A 9 7 12 12 0 0 0 0 0 0 3 5 3 9 1 0 1 0 0 0 N
G 10 7 11 12 0 0 0 0 0 0 3 5 3 9 1 0 1 0 0 0 N
A 9 7 11 13 0 0 0 0 0 0 2 5 4 9 1 0 1 0 0 0 N
A 10 7 10 13 0 0 0 0 0 0 1 6 4 9 1 0 1 0 0 0 N
G 11 6 10 13 0 0 0 0 0 0 1 7 4 8 1 0 1 0 0 0 N
G 11 5 10 14 0 0 0 0 0 0 1 7 5 7 1 0 1 0 0 0 N
A 11 5 9 15 0 0 0 0 0 0 0 7 6 7 1 0 1 0 0 0 N
T 11 5 9 15 0 0 0 0 0 0 1 6 6 7 1 0 1 0 0 0 N
G 11 6 8 15 0 0 0 0 0 0 1 7 6 6 1 0 0 0 0 0 N
C 10 6 8 16 0 0 1 0 0 0 1 8 5 6 1 0 0 0 0 0 N
C 10 6 8 16 0 0 1 0 0 0 1 8 4 7 1 0 0 0 0 0 N
T 10 5 9 16 0 0 1 0 0 0 1 7 4 8 1 0 0 0 0 0 N
T 10 6 9 15 0 0 1 0 0 0 1 7 4 8 2 0 0 0 0 0 N
T 10 7 9 14 0 0 1 0 0 0 1 7 4 8 2 0 0 0 0 0 N
G 10 8 9 13 0 0 1 0 0 0 1 7 5 7 2 0 0 0 0 0 N
G 9 8 9 14 0 0 1 0 0 0 1 7 6 6 2 0 0 0 0 0 N
G 9 8 8 15 0 0 1 0 0 0 1 7 7 5 2 0 0 0 0 0 N
T 9 8 7 16 0 0 1 0 0 0 1 7 7 5 1 0 0 0 0 0 N
C 9 8 7 16 1 0 1 0 0 0 1 8 6 5 1 0 0 0 0 0 N
G 9 7 8 16 1 0 1 0 0 0 1 8 6 5 1 0 0 0 0 0 N
G 9 7 7 17 1 0 1 0 0 0 1 8 7 4 1 0 0 0 0 0 N
G 9 7 6 18 1 0 1 0 0 0 1 8 8 3 1 0 0 0 0 0 N
C 9 6 6 19 1 0 1 0 0 0 1 8 8 3 1 0 0 0 0 0 N
T 9 6 6 19 1 0 1 0 0 0 1 8 8 3 1 0 0 0 0 0 N
T 9 6 6 19 1 0 1 0 0 0 1 8 8 3 1 0 0 0 0 0 N
C 9 7 6 18 1 0 1 0 0 0 1 8 7 4 1 0 0 0 0 0 N
C 9 7 7 17 1 0 1 0 0 0 2 8 6 4 1 0 0 0 1 0 N
A 9 7 8 16 1 0 1 0 0 0 1 9 6 4 1 0 0 0 1 0 N
T 10 7 8 15 1 0 1 0 0 0 1 9 6 4 1 0 0 0 1 0 N
T 9 8 8 15 1 0 1 0 0 0 1 9 6 4 1 0 0 0 1 0 N
G 9 9 8 14 1 0 1 0 0 0 1 9 7 3 1 0 0 0 1 0 N
G 8 9 8 15 1 0 1 0 0 0 1 10 7 2 1 0 0 0 1 0 N
T 8 9 8 15 1 0 1 0 0 0 1 9 7 3 0 0 0 0 1 0 N
T 8 10 7 15 2 0 1 0 0 0 2 8 7 3 0 0 0 0 2 0 N
C 7 11 7 15 2 0 1 0 0 0 2 9 6 3 0 0 0 0 2 0 N
C 7 11 8 14 2 0 1 0 0 0 2 10 5 3 0 0 0 0 2 0 N
C 6 11 9 14 2 0 1 0 0 0 2 10 5 3 0 0 0 0 2 0 N
T 5 11 10 14 2 0 1 0 0 0 2 9 5 4 0 0 0 0 2 0 N
T 5 12 10 13 2 0 1 0 0 0 2 8 5 5 0 0 0 0 2 0 N
G 5 13 10 12 2 0 1 0 0 0 2 9 5 4 1 0 0 0 2 0 N
C 5 13 9 13 2 0 1 0 0 0 2 9 4 5 1 0 0 0 2 0 N
C 4 13 10 13 2 0 1 0 0 0 2 9 3 6 1 0 0 0 2 0 N
C 4 13 11 12 2 0 1 0 0 0 3 9 2 6 1 0 0 0 2 0 N
T 3 13 12 12 2 0 1 0 0 0 4 8 2 6 1 0 0 0 2 0 N
T 2 14 12 12 2 0 1 0 0 0 4 7 2 7 1 0 0 0 2 0 N
G 2 15 12 11 2 0 1 0 0 0 4 7 3 6 1 0 0 0 2 0 N
A 2 15 12 11 2 0 1 0 0 0 3 8 3 6 1 0 0 0 1 0 N
T 2 15 12 11 2 0 1 0 1 0 3 7 3 7 1 0 0 0 1 0 N
T 2 15 12 11 2 0 1 0 1 0 3 6 4 7 1 0 0 0 1 0 N
T 2 16 12 10 2 0 0 0 1 0 4 5 4 7 1 0 0 0 1 0 N
C 2 17 11 10 2 0 0 0 1 0 4 5 3 8 1 0 0 0 1 0 N
T 2 17 11 10 2 0 0 0 1 0 5 4 3 8 1 0 0 0 1 0 N
G 2 17 11 10 2 0 0 0 1 0 5 4 3 8 1 0 0 0 1 0 N
A 2 16 11 11 2 0 0 0 1 0 4 5 3 8 2 0 0 0 0 0 N
T 3 15 11 11 2 0 0 0 2 0 4 4 3 9 2 0 0 0 0 0 N
T 3 16 11 10 2 0 0 0 2 0 4 3 3 10 2 0 0 0 0 0 N
C 3 17 11 9 2 0 0 0 2 0 4 3 3 10 2 0 0 0 0 0 N
G 3 17 12 8 2 0 0 0 2 0 4 4 3 9 2 0 0 0 0 0 N
G 3 16 12 9 1 0 0 0 2 0 4 4 3 9 2 0 0 0 0 0 N
T 3 16 11 10 1 0 0 0 2 0 4 4 3 9 2 0 0 0 0 0 N
G 3 17 11 9 2 0 0 0 2 0 4 5 3 8 2 0 0 0 0 0 N
G 3 17 11 9 2 0 0 0 2 0 4 5 3 8 2 0 0 0 0 0 N
A 3 17 11 9 2 0 0 0 2 0 4 5 3 8 2 0 0 0 1 0 N
A 4 17 10 9 2 0 0 0 2 0 3 5 4 8 2 0 0 0 1 0 N
G 5 16 10 9 2 0 0 0 2 0 3 6 4 7 2 0 0 0 1 0 N
C 5 15 10 10 2 0 0 0 2 0 3 6 4 7 2 0 0 0 1 0 N
T 5 15 10 10 2 0 0 0 2 0 3 5 5 7 2 0 0 0 1 0 N
G 5 16 9 10 2 0 0 0 2 0 4 5 5 6 2 0 0 0 1 0 N
C 4 16 9 11 2 0 0 0 2 0 4 5 4 7 2 0 0 0 1 0 N
A 4 15 10 11 2 0 0 0 2 0 4 5 4 7 2 0 0 0 1 0 N
G 5 14 10 11 2 0 0 0 2 0 4 5 4 7 2 0 0 0 1 0 N
A 5 14 10 11 2 0 0 0 2 0 3 5 4 8 2 0 0 0 1 0 N
G 6 14 10 10 2 0 0 0 2 0 4 5 4 7 2 0 0 0 1 0 N
T 6 13 10 11 1 0 0 0 2 0 4 4 4 8 1 0 0 0 1 0 N
G 6 13 10 11 2 0 0 0 2 0 4 4 4 8 1 0 0 0 1 0 N
G 6 13 9 12 2 0 0 0 2 0 4 4 4 8 1 0 0 0 1 0 N
C 6 13 8 13 2 0 0 0 2 0 5 4 3 8 1 0 0 0 1 0 N
T 6 13 8 13 2 0 0 0 2 0 5 4 3 8 1 0 0 0 1 0 N
G 6 13 8 13 2 0 0 0 2 0 5 4 3 8 1 0 1 0 1 0 N
T 6 12 8 14 2 0 0 0 2 0 5 3 4 8 0 0 1 0 1 0 N
T 6 13 8 13 3 0 0 0 2 0 5 2 5 8 0 0 1 0 1 0 N
G 6 14 7 13 3 0 0 0 2 0 5 2 6 7 0 0 1 0 1 0 N
A 6 14 6 14 3 0 0 0 2 0 4 3 6 7 0 0 1 0 0 0 N
C 7 14 5 14 3 0 0 0 3 0 4 4 5 7 0 0 1 0 0 0 N
T 7 13 6 14 3 0 0 0 3 0 5 3 5 7 0 0 1 0 0 0 N
C 7 13 6 14 3 0 0 0 3 0 5 3 5 7 0 0 1 0 0 0 N
C 7 13 7 13 3 0 0 0 3 0 5 4 4 7 0 0 1 0 0 0 N
A 6 13 8 13 3 0 0 0 2 0 4 4 4 8 0 0 1 0 0 0 N
G 7 12 8 13 3 0 0 0 2 0 4 5 4 7 1 0 1 0 0 0 N
A 7 11 8 14 3 0 0 0 2 0 3 5 5 7 1 0 1 0 0 0 N
G 8 10 8 14 3 0 0 0 2 0 3 6 5 6 1 0 1 0 0 0 N
G 8 10 7 15 3 0 0 0 2 0 3 6 5 6 1 0 1 0 0 0 N
A 8 9 7 16 3 0 0 0 2 0 2 6 6 6 1 0 1 0 0 0 N
G 9 9 7 15 3 0 0 0 2 0 2 6 7 5 1 0 1 0 0 0 N
G 8 9 7 16 3 0 0 0 1 0 3 6 7 4 1 0 1 0 0 0 N
G 8 8 7 17 3 0 0 0 1 0 3 6 8 3 1 0 1 0 0 0 N
A 8 7 7 18 3 0 0 0 1 0 3 6 8 3 1 0 1 0 0 0 N
T 9 7 6 18 3 0 0 0 1 0 3 5 8 4 1 0 1 0 0 0 N
G 9 8 6 17 3 0 0 0 1 0 3 5 8 4 1 0 0 0 0 0 N
C 9 8 6 17 3 0 1 0 1 0 4 5 7 4 1 0 0 0 0 0 N
C 9 7 7 17 2 0 1 0 1 0 4 5 6 5 1 0 0 0 0 0 N
C 9 7 8 16 2 0 1 0 1 0 5 5 5 5 1 0 0 0 0 0 N
T 9 7 9 15 2 0 1 0 1 0 5 4 6 5 1 0 0 0 0 0 N
T 8 8 9 15 2 0 1 0 1 0 5 3 7 5 1 0 0 0 0 0 N
A 7 9 9 15 2 0 1 0 1 0 4 4 7 5 1 0 0 0 0 0 N
C 8 9 9 14 2 0 1 0 1 0 4 5 6 5 1 0 0 0 0 0 N
T 8 9 9 14 2 0 1 0 1 0 4 5 6 5 1 0 0 0 0 0 N
G 8 9 9 14 2 0 1 0 1 0 4 5 6 5 1 0 0 0 0 0 N
T 8 9 9 14 2 0 1 0 1 0 5 4 6 5 0 0 0 0 1 0 N
C 8 10 8 14 3 0 1 0 1 0 5 4 5 6 0 0 0 0 1 0 N
T 7 10 9 14 3 0 1 0 1 0 5 3 5 7 0 0 0 0 1 0 N
G 7 11 9 13 3 0 1 0 1 0 6 3 5 6 0 0 0 0 1 0 N
C 6 11 9 14 3 0 1 0 1 0 6 3 5 6 0 0 0 0 1 0 N
C 6 11 10 13 3 0 1 0 1 0 6 3 4 7 0 0 0 0 1 0 N
A 6 10 11 13 2 0 1 0 1 0 5 4 4 7 1 0 0 0 1 0 N
C 7 10 11 12 2 0 1 0 1 0 5 4 3 8 1 0 0 0 1 0 N
A 7 10 12 11 2 0 1 0 1 0 4 5 3 8 2 0 0 0 1 0 N
G 8 10 11 11 2 0 1 0 1 0 4 6 3 7 2 0 0 0 1 0 N
G 8 9 11 12 2 0 1 0 1 0 4 6 4 6 2 0 0 0 1 0 C
A 8 9 11 12 2 0 1 0 1 0 3 7 4 6 2 0 0 0 1 0 C
G 9 8 11 12 1 0 1 0 1 0 3 7 5 5 2 0 0 0 1 0 C
A 9 7 11 13 1 0 1 0 1 0 2 8 5 5 2 0 0 0 1 0 C
C 10 7 11 12 1 0 1 0 1 0 2 8 4 6 2 0 0 0 1 0 C
C 9 7 12 12 1 0 1 0 0 0 3 8 3 6 2 0 0 0 2 0 C
T 9 7 12 12 1 0 1 0 0 0 3 7 4 6 2 0 0 0 2 0 C
T 9 7 12 12 1 0 1 0 0 0 3 6 5 6 2 0 0 0 2 0 C
T 9 8 11 12 1 0 1 0 0 0 3 5 5 7 2 0 0 0 2 0 C
G 9 9 10 12 1 0 1 0 0 0 3 6 5 6 3 0 0 0 2 0 C
A 8 9 10 13 1 0 1 0 0 0 2 6 5 7 3 0 0 0 1 0 C
G 9 9 10 12 1 0 1 0 1 0 2 6 6 6 3 0 0 0 1 0 C
G 8 9 10 13 1 0 1 0 1 0 2 6 7 5 3 0 0 0 1 0 C
A 8 9 10 13 1 0 1 0 1 0 1 6 8 5 3 0 0 0 1 0 C
C 9 9 10 12 1 0 1 0 1 0 1 7 7 5 3 0 0 0 1 0 C
G 8 9 11 12 1 0 1 0 1 0 1 8 7 4 3 0 0 0 1 0 C
T 8 9 11 12 1 0 1 0 1 0 1 7 8 4 2 0 0 0 1 0 C
G 8 10 11 11 2 0 1 0 1 0 1 7 8 4 2 0 0 0 1 0 C
T 8 10 11 11 2 0 1 0 1 0 1 6 9 4 1 0 0 0 1 0 C
T 7 11 11 11 3 0 1 0 1 0 2 5 9 4 1 0 0 0 1 0 C
C 7 11 11 11 3 0 1 0 1 0 3 5 8 4 1 0 0 0 1 0 C
T 7 11 12 10 3 0 0 0 1 0 3 4 9 4 1 0 0 0 1 0 C
C 7 12 11 10 3 0 0 0 1 0 4 4 8 4 1 0 0 0 1 0 C
T 7 12 11 10 3 0 0 0 1 0 4 4 8 4 1 0 0 0 1 0 C
G 7 13 10 10 3 0 0 0 1 0 4 4 9 3 1 0 0 0 1 0 C
A 7 12 10 11 3 0 0 0 1 0 3 4 10 3 1 0 0 0 0 0 C
C 8 11 10 11 3 0 0 0 2 0 3 4 10 3 1 0 0 0 0 0 C
C 7 11 11 11 3 0 0 0 2 0 3 4 10 3 1 0 0 0 0 0 C
G 7 11 11 11 3 0 0 0 2 0 3 5 10 2 1 0 0 0 0 0 C
T 7 10 11 12 3 0 0 0 2 0 3 4 10 3 0 0 0 0 0 0 C
G 7 11 11 11 4 0 0 0 2 0 3 4 10 3 0 0 0 0 0 0 C
C 7 10 11 12 3 0 0 0 2 0 3 5 9 3 1 0 0 0 0 0 C
C 7 10 11 12 3 0 0 0 2 0 4 5 8 3 1 0 0 0 0 0 C
C 7 9 12 12 3 0 0 0 2 0 4 6 7 3 1 0 0 0 0 0 C
T 7 9 13 11 3 0 0 0 2 0 4 5 7 4 1 0 1 0 0 0 C
T 7 10 12 11 3 0 0 0 2 0 4 5 7 4 2 0 1 0 0 0 C
C 7 11 11 11 3 0 0 0 2 0 4 5 6 5 2 0 1 0 0 0 C
G 6 11 12 11 3 0 0 0 2 0 4 5 7 4 2 0 1 0 0 0 C
C 6 11 11 12 3 0 0 0 2 0 4 6 6 4 2 0 1 0 0 0 C
A 5 11 12 12 3 0 0 0 2 0 3 6 6 5 2 0 1 0 0 0 C
A 6 11 12 11 3 0 0 0 2 0 2 6 6 6 2 0 1 0 0 0 C
C 7 11 12 10 3 0 0 0 2 0 2 6 6 6 2 0 1 0 0 0 C
A 6 11 13 10 3 0 0 0 2 0 1 7 6 6 2 0 1 0 0 0 C
T 7 11 13 9 3 0 0 0 2 0 1 6 6 7 2 0 1 0 0 0 C
C 6 12 13 9 3 0 0 0 2 0 1 6 5 8 2 0 1 0 0 0 C
C 6 12 13 9 3 0 0 0 2 0 2 6 4 8 2 0 1 0 0 0 C
C 6 12 13 9 3 0 0 0 2 0 3 6 3 8 2 0 1 0 0 0 C
C 6 11 14 9 3 0 0 0 2 0 4 6 2 8 2 0 1 0 0 0 C
T 6 10 15 9 3 0 0 0 2 0 4 5 3 8 2 0 1 0 0 0 C
G 6 10 15 9 3 0 0 0 2 0 4 5 4 7 2 0 1 0 0 0 C
G 6 10 15 9 3 0 0 0 2 0 5 5 4 6 2 0 1 0 0 0 C
T 5 10 15 10 3 0 0 0 1 0 5 5 4 6 1 0 1 0 0 0 C
A 5 11 15 9 4 0 0 0 1 0 4 5 4 7 1 0 2 0 0 0 C
T 6 11 15 8 4 0 0 0 1 0 5 4 4 7 1 0 2 0 1 0 C
G 5 12 15 8 4 0 0 0 1 0 5 5 4 6 1 0 1 0 1 0 C
T 5 12 14 9 4 0 1 0 1 0 5 4 5 6 0 0 1 0 1 0 C
G 5 13 14 8 5 0 1 0 1 0 6 4 5 5 0 0 1 0 1 0 C
C 5 12 14 9 4 0 1 0 1 0 6 4 5 5 0 0 1 0 1 0 C
T 5 12 15 8 4 0 1 0 1 0 6 3 6 5 0 0 1 0 1 0 C
G 5 12 15 8 3 0 1 0 1 0 6 4 6 4 0 0 1 0 1 0 C
G 5 11 15 9 3 0 1 0 1 0 6 5 6 3 0 0 1 0 1 0 C
C 5 11 14 10 3 0 1 0 1 0 6 5 5 4 0 0 1 0 1 0 C
T 5 10 15 10 3 0 1 0 1 0 6 4 5 5 0 0 1 0 1 0 C
G 5 11 14 10 3 0 1 0 1 0 6 4 6 4 0 0 1 0 1 0 C
G 5 10 14 11 3 0 1 0 1 0 7 4 6 3 0 0 1 0 1 0 C
A 5 10 14 11 3 0 1 0 1 0 7 4 6 3 0 0 1 0 1 0 C
A 5 10 14 11 3 0 1 0 0 0 6 4 7 3 0 0 1 0 1 0 C
A 6 10 13 11 3 0 1 0 0 0 5 4 7 4 0 0 1 0 1 0 C
C 7 10 12 11 3 0 1 0 0 0 5 5 6 4 1 0 1 0 1 0 C
C 7 10 13 10 3 0 1 0 0 0 5 5 6 4 1 0 1 0 1 0 C
A 7 9 14 10 2 0 1 0 0 0 4 6 6 4 1 0 1 0 1 0 C
T 8 9 14 9 2 0 1 0 0 0 4 5 7 4 1 0 1 0 1 0 C
G 8 10 13 9 2 0 1 0 0 0 4 6 7 3 1 0 0 0 1 0 C
A 8 10 12 10 2 0 2 0 0 0 3 6 7 4 1 0 0 0 0 0 C
T 9 10 11 10 2 0 2 0 1 0 3 5 8 4 1 0 0 0 0 0 C
C 9 10 11 10 2 0 2 0 1 0 4 5 7 4 1 0 0 0 0 0 C
A 9 9 12 10 2 0 2 0 1 0 3 5 8 4 1 0 0 0 0 0 C
C 10 9 11 10 2 0 2 0 1 0 4 5 7 4 1 0 0 0 0 0 C
C 10 9 12 9 2 0 2 0 1 0 4 5 6 5 1 0 0 0 0 0 C
T 10 9 12 9 2 0 2 0 1 0 5 4 6 5 1 0 0 0 0 0 C
T 9 10 12 9 2 0 2 0 1 0 5 4 6 5 1 0 0 0 0 0 C
G 8 11 12 9 2 0 2 0 1 0 5 5 6 4 1 0 0 0 0 0 C
G 8 11 11 10 2 0 2 0 1 0 5 5 6 4 1 0 0 0 0 0 C
C 7 11 11 11 2 0 2 0 1 0 5 5 6 4 1 0 0 0 0 0 C
A 7 10 12 11 2 0 2 0 1 0 5 5 6 4 1 0 0 0 0 0 C
A 8 10 11 11 2 0 2 0 1 0 4 6 6 4 1 0 0 0 0 0 C
C 9 10 10 11 2 0 2 0 1 0 5 6 5 4 1 0 0 0 0 0 C
G 9 10 10 11 2 0 2 0 1 0 5 6 6 3 1 0 0 0 0 0 C
T 9 10 9 12 2 0 2 0 1 0 5 6 6 3 0 0 0 0 0 0 C
C 9 10 9 12 3 0 2 0 1 0 5 6 6 3 0 0 0 0 0 0 C
T 9 10 10 11 3 0 2 0 1 0 5 6 6 3 0 0 0 0 0 0 C
C 9 11 10 10 3 0 2 0 1 0 6 6 5 3 0 0 0 0 0 0 C
T 9 10 11 10 2 0 2 0 1 0 7 5 5 3 0 0 0 1 0 0 C
G 8 11 11 10 2 0 2 0 1 0 7 5 5 3 0 0 0 1 0 0 C
C 8 10 11 11 2 0 2 0 1 0 8 5 4 3 0 0 0 1 0 0 C
A 8 10 12 10 2 0 1 0 1 0 7 6 4 3 0 0 0 1 0 0 C
C 9 9 12 10 1 0 1 0 1 0 7 6 4 3 0 0 0 1 0 0 C
A 9 9 13 9 1 0 1 0 1 0 6 7 4 3 0 0 0 1 0 0 C
G 10 9 12 9 1 0 1 0 1 0 6 7 5 2 0 0 0 1 0 0 C
A 10 8 12 10 1 0 1 0 1 0 5 7 6 2 0 0 0 1 0 0 C
T 11 8 12 9 1 0 1 0 1 0 6 6 6 2 0 0 0 1 0 0 C
T 11 9 12 8 1 0 1 0 1 0 7 5 6 2 0 0 0 1 0 0 C
G 11 10 11 8 1 0 1 0 1 0 7 5 6 2 0 0 0 1 0 0 C
C 11 9 11 9 1 0 1 0 1 0 7 5 6 2 0 0 0 1 0 0 C
A 11 9 12 8 1 0 1 0 1 0 6 5 6 3 0 0 0 1 0 0 C
T 12 9 12 7 1 0 1 0 1 0 6 4 7 3 0 0 0 1 0 0 C
A 11 10 12 7 1 0 1 0 1 0 5 5 7 3 0 0 0 1 0 0 C
C 11 10 12 7 1 0 1 0 1 0 5 5 6 4 0 0 0 1 0 0 C
T 10 10 13 7 1 0 1 0 1 0 5 4 6 5 0 0 0 1 0 0 C
C 10 11 12 7 1 0 1 0 1 0 5 5 5 5 1 0 0 1 0 0 C
T 10 11 12 7 1 0 1 0 1 0 5 4 5 6 1 0 0 1 0 0 C
A 9 12 12 7 1 0 1 0 1 0 5 4 5 6 1 0 0 1 1 0 C
A 10 11 12 7 1 0 1 0 1 0 4 4 5 7 1 0 0 0 1 0 C
G 11 11 12 6 1 0 0 1 1 0 4 4 6 6 1 0 0 0 1 0 C
A 10 11 12 7 1 0 0 1 0 0 3 4 7 6 1 0 0 0 1 0 C
T 11 10 12 7 1 0 0 1 0 0 3 4 7 6 1 0 0 0 1 0 C
C 11 11 11 7 1 0 0 1 0 0 3 5 6 6 1 0 0 0 1 0 C
T 10 11 12 7 1 0 0 1 0 0 3 4 7 6 1 0 0 0 1 0 C
C 10 12 11 7 1 0 0 1 0 0 3 4 7 6 1 0 0 0 1 0 C
C 10 12 11 7 1 0 0 1 0 0 3 4 7 6 1 0 0 0 1 0 C
A 10 11 12 7 1 0 0 1 0 0 2 5 7 6 1 0 0 0 1 0 C
A 11 10 12 7 1 0 0 1 0 0 1 5 8 6 1 0 0 0 1 0 C
G 12 10 12 6 1 0 0 1 0 0 1 6 8 5 1 0 0 0 1 0 C
C 12 10 12 6 1 0 0 1 0 0 1 7 7 5 1 0 0 0 1 0 C
G 12 10 12 6 1 0 0 1 0 0 1 8 7 4 1 0 0 0 1 0 C
C 11 10 12 7 1 0 0 1 0 0 1 8 7 4 1 0 0 0 1 0 C
T 10 10 13 7 1 0 0 1 0 0 1 7 8 4 1 0 0 0 1 0 C
G 10 11 12 7 1 0 0 1 0 0 1 7 9 3 1 0 0 0 1 0 C
G 10 11 12 7 1 0 0 1 0 0 1 8 9 2 1 0 0 0 1 0 N
T 10 10 12 8 0 0 0 1 0 0 1 7 9 3 0 0 0 0 1 0 N
G 10 11 11 8 1 0 0 1 0 0 2 7 9 2 0 0 0 0 2 0 N
A 10 10 11 9 1 0 0 1 0 0 2 7 9 2 0 0 0 0 1 0 N
G 11 10 10 9 1 0 0 1 1 0 2 7 9 2 0 0 0 0 1 0 N
C 11 9 10 10 1 0 0 1 1 0 3 7 8 2 0 0 0 0 1 0 N
C 11 9 11 9 1 0 0 1 1 0 3 7 7 3 0 0 0 0 1 0 N
T 11 9 11 9 1 0 0 1 1 0 4 6 7 3 0 0 0 0 1 0 N
T 10 10 11 9 1 0 0 1 1 0 4 5 8 3 0 0 0 0 1 0 N
C 10 11 10 9 1 0 0 1 1 0 4 6 7 3 0 0 0 0 1 0 N
C 9 11 11 9 1 0 0 1 1 0 4 6 6 4 0 0 0 0 1 0 N
C 9 11 12 8 1 0 0 1 1 0 4 7 5 4 1 0 0 0 1 0 N
T 8 11 13 8 1 0 0 1 1 0 4 6 6 4 1 0 0 0 1 0 N
C 8 11 13 8 1 0 0 1 1 0 5 6 5 4 1 0 0 0 1 0 N
T 8 10 14 8 1 0 0 1 1 0 5 5 6 4 1 0 0 0 1 0 N
T 8 11 14 7 1 0 0 1 1 0 5 5 6 4 1 0 0 0 1 0 N
T 8 12 13 7 1 0 0 1 1 0 5 4 7 4 1 0 0 0 1 0 N
C 7 13 13 7 1 0 0 1 1 0 6 4 6 4 1 0 0 0 1 0 N
C 7 12 14 7 1 0 0 1 1 0 6 4 5 5 1 0 0 0 1 0 N
C 6 12 15 7 1 0 0 1 1 0 7 4 4 5 1 0 0 0 1 0 N
T 6 12 15 7 1 0 0 1 1 0 7 3 4 6 1 0 0 0 1 0 N
G 6 12 15 7 1 0 0 1 1 0 8 3 4 5 1 0 0 0 1 0 N
A 6 12 14 8 1 0 0 1 1 0 7 3 5 5 1 0 0 0 0 0 N
A 7 11 14 8 1 0 0 1 2 0 7 3 5 5 1 0 0 0 0 0 N
G 7 11 14 8 1 0 0 1 2 0 8 3 5 4 1 0 0 0 0 0 N
A 6 11 14 9 1 0 0 0 2 0 8 3 5 4 1 0 0 0 0 0 N
G 7 11 14 8 1 0 0 0 2 0 8 3 5 4 1 0 0 0 0 0 N
A 6 11 14 9 1 0 0 0 2 0 8 3 5 4 1 0 0 0 0 0 N
C 7 10 14 9 1 0 0 0 2 0 8 3 4 5 1 0 0 0 0 0 N
T 7 10 14 9 1 0 0 0 2 0 8 3 4 5 2 0 0 0 0 0 N
G 7 10 14 9 1 0 0 0 2 0 8 4 4 4 2 0 0 0 0 0 N
T 7 10 13 10 1 0 0 0 2 0 8 3 5 4 1 0 0 0 0 0 N
C 7 11 12 10 2 0 0 0 2 0 8 3 5 4 1 0 0 0 0 0 N
A 6 11 13 10 2 0 0 0 2 0 7 4 5 4 1 0 0 0 0 0 N
C 6 11 13 10 2 0 0 0 2 0 7 5 4 4 1 0 0 0 0 0 N
T 6 11 14 9 2 0 0 0 2 0 7 5 4 4 1 0 0 0 0 0 N
C 6 12 13 9 2 0 0 0 2 0 7 5 3 5 1 0 0 0 0 0 N
A 6 12 14 8 2 0 0 0 2 0 6 5 3 6 1 0 0 0 0 0 N
G 7 12 13 8 2 0 0 0 2 0 6 5 4 5 1 0 0 0 0 0 N
A 7 11 13 9 2 0 0 0 2 0 5 6 4 5 1 0 0 0 0 0 N
G 8 11 13 8 2 0 0 0 2 0 5 7 4 4 1 0 0 0 0 0 N
A 8 11 13 8 2 0 0 0 2 0 4 8 4 4 1 0 0 0 0 0 N
C 9 10 13 8 1 0 0 0 2 0 4 9 3 4 1 0 0 0 0 0 N
A 9 10 14 7 1 0 0 0 2 0 3 9 3 5 1 0 0 0 0 0 N
A 9 10 14 7 1 0 0 0 1 0 2 9 3 6 1 0 0 0 0 0 N
A 10 10 14 6 1 0 0 0 1 0 1 10 3 6 2 0 0 0 0 0 N
G 11 10 13 6 1 0 0 0 1 0 1 11 3 5 2 0 0 0 0 0 N
A 11 10 12 7 1 0 0 0 1 0 0 12 3 5 2 0 0 0 0 0 N
G 12 9 12 7 1 0 0 0 1 0 0 12 3 5 2 0 0 0 0 0 N
T 12 8 12 8 1 0 0 0 1 0 0 12 3 5 2 0 0 0 0 0 N
T 12 9 11 8 2 0 0 0 1 0 0 11 3 6 2 0 0 0 0 0 N
C 12 10 10 8 2 0 0 0 1 0 0 12 2 6 3 0 0 0 0 0 N
C 12 10 10 8 2 0 0 0 1 0 0 12 1 7 3 0 0 0 0 0 N
T 12 9 11 8 2 0 0 0 1 0 0 12 1 7 4 0 0 0 0 0 N
T 12 10 10 8 2 0 0 0 1 0 0 11 1 8 4 0 0 0 0 0 N
T 12 10 10 8 2 0 0 0 1 0 0 11 1 8 5 0 0 0 0 0 N
G 12 10 10 8 2 0 0 0 1 0 0 11 2 7 5 0 0 0 0 0 N
G 12 9 10 9 2 0 0 0 1 0 0 12 2 6 5 0 0 0 0 0 N
C 12 9 9 10 2 0 0 0 1 0 0 12 1 7 5 0 0 0 0 0 N
T 12 9 9 10 2 0 0 0 1 0 0 12 1 7 6 0 0 0 0 0 N
T 12 10 8 10 2 0 0 0 1 0 0 11 1 8 6 0 0 0 0 0 N
T 12 10 8 10 2 0 0 0 1 0 0 11 1 8 7 0 0 0 0 0 N
T 12 11 8 9 2 0 0 0 1 0 0 10 1 9 7 0 0 0 0 0 N
G 11 12 8 9 2 0 0 0 0 0 0 11 1 8 8 0 0 0 0 0 N
G 10 12 8 10 2 0 0 0 0 0 1 11 1 7 8 0 0 0 0 0 N
T 10 12 8 10 2 0 0 0 0 0 1 11 1 7 7 0 0 0 0 0 N
T 9 13 8 10 3 0 0 0 0 0 1 10 1 8 7 0 1 0 0 0 N
T 9 14 8 9 3 0 0 0 0 0 1 10 1 8 8 0 1 0 0 0 N
G 8 15 8 9 3 0 0 0 0 0 1 10 2 7 8 0 1 0 0 0 N
T 8 15 7 10 3 0 0 0 0 0 1 10 2 7 7 0 1 0 0 0 N
G 8 15 7 10 4 0 0 0 0 0 1 10 3 6 7 0 1 0 0 0 N
T 8 15 7 10 4 0 0 0 0 0 1 10 3 6 6 0 1 0 0 0 N
G 8 15 7 10 4 0 0 0 0 0 1 10 3 6 6 0 1 0 0 0 N
T 8 15 6 11 4 0 0 0 0 0 1 10 3 6 6 0 1 0 0 0 N
G 7 16 6 11 5 0 0 0 0 0 1 10 3 6 6 0 1 0 0 0 N
T 7 16 5 12 5 0 0 0 0 0 1 10 3 6 6 0 1 0 0 0 N
C 7 16 5 12 6 0 0 0 0 0 1 10 2 7 6 0 1 0 0 0 N
T 7 16 5 12 6 0 0 0 0 0 1 10 2 7 7 0 1 0 0 0 N
G 6 17 5 12 6 0 0 0 0 0 1 10 2 7 7 0 1 0 0 0 N
T 6 17 5 12 6 0 0 0 0 0 1 10 2 7 7 0 1 0 0 0 N
G 5 18 5 12 7 0 0 0 0 0 1 11 2 6 7 0 1 0 0 0 N
T 5 18 5 12 7 0 0 0 0 0 1 11 2 6 6 0 1 0 0 0 N
G 4 19 5 12 8 0 0 0 0 0 1 11 3 5 6 0 1 0 0 0 N
T 4 19 4 13 8 0 0 0 0 0 1 11 3 5 5 0 1 0 0 0 N
A 3 20 4 13 9 0 0 0 0 0 1 11 3 5 5 0 1 0 0 0 N
T 3 20 4 13 9 0 0 0 0 0 2 10 3 5 5 0 1 1 0 0 N
G 2 21 4 13 9 0 0 0 0 0 3 10 3 4 5 0 0 1 0 0 N
T 2 21 4 13 9 0 1 0 0 0 4 9 3 4 4 0 0 1 0 0 N
C 1 22 4 13 10 0 1 0 0 0 5 9 2 4 4 0 0 1 0 0 N
T 1 22 5 12 10 0 1 0 0 0 6 8 2 4 4 0 0 1 0 0 N
C 1 22 5 12 9 0 1 0 0 0 7 8 1 4 4 0 0 1 0 0 N
T 1 21 6 12 9 0 1 0 0 0 8 7 1 4 4 0 0 1 0 0 N
G 1 22 5 12 9 0 1 0 0 0 9 7 1 3 4 0 0 1 0 0 N
T 1 22 4 13 9 0 1 0 0 0 10 6 1 3 3 0 0 1 0 0 N
G 1 22 4 13 10 0 1 0 0 0 10 7 1 2 3 0 0 1 0 0 N
T 1 21 4 14 10 0 1 0 0 0 11 6 1 2 2 0 0 1 0 0 N
G 1 21 4 14 11 0 1 0 0 0 12 6 1 1 2 0 0 2 0 0 N
T 1 21 4 14 11 0 1 0 0 0 13 5 1 1 1 0 0 2 0 0 N
G 1 22 4 13 12 0 1 0 0 0 14 5 1 0 1 0 0 2 0 0 N
T 1 22 3 14 12 0 1 0 0 0 15 4 1 0 0 0 0 2 0 0 N
T 1 22 3 14 13 0 1 0 0 0 15 3 2 0 0 0 0 2 0 0 N
T 1 22 3 14 13 0 1 0 0 0 15 2 2 1 0 0 0 2 0 0 N
C 1 22 3 14 13 0 1 0 0 0 15 2 1 2 0 0 0 2 0 0 N
T 1 21 4 14 13 0 1 0 0 0 15 1 1 3 0 0 0 2 0 0 N
A 1 22 4 13 13 0 1 0 0 0 15 1 1 3 0 0 0 2 0 0 N
A 2 22 4 12 13 0 1 0 0 0 14 1 1 4 0 0 0 1 0 0 N
A 3 21 4 12 12 0 1 1 0 0 13 1 1 5 0 0 0 1 0 0 N
A 4 20 4 12 12 0 1 1 0 0 12 2 1 5 1 0 0 1 0 0 N
A 5 19 4 12 12 0 1 1 0 0 11 2 2 5 1 0 0 1 0 0 N
A 6 19 4 11 12 0 1 1 0 0 10 2 3 5 1 0 0 1 0 0 N
A 7 18 4 11 11 0 1 1 0 0 9 3 3 5 1 0 0 1 0 0 N
A 8 18 4 10 11 0 1 1 0 0 8 4 3 5 1 0 0 1 0 0 N
A 9 17 4 10 10 0 1 1 0 0 7 5 3 5 1 0 0 1 0 0 N
A 10 17 4 9 10 0 1 1 0 0 6 5 3 6 1 0 0 1 0 0 N
T 11 16 4 9 9 0 1 1 0 0 6 4 3 7 1 0 0 1 0 0 N
A 11 17 4 8 9 0 1 1 0 0 5 4 4 7 1 0 0 1 0 0 N
A 12 16 4 8 8 0 1 1 0 0 4 4 5 7 1 0 0 0 0 0 N
A 13 16 3 8 8 0 1 2 0 0 4 4 5 7 1 0 0 0 0 0 N
A 14 15 3 8 8 0 1 2 0 0 3 4 5 8 1 0 0 0 0 0 N
A 15 15 3 7 8 0 1 2 0 0 3 4 5 8 1 0 0 0 0 0 N
C 16 14 3 7 7 0 1 2 0 0 4 4 4 8 1 0 0 0 0 0 N
G 16 14 4 6 7 0 1 2 0 0 4 4 5 7 1 0 0 0 0 0 N
G 16 13 4 7 6 0 1 2 0 0 4 4 6 6 1 0 0 0 0 0 N
G 16 13 4 7 6 0 1 2 0 0 5 4 6 5 1 0 0 0 0 0 N
A 16 12 4 8 5 0 1 2 0 0 5 4 6 5 1 0 0 0 0 0 N
G 16 12 4 8 5 0 1 2 0 0 5 4 7 4 1 0 0 0 0 0 N
G 16 11 4 9 5 0 1 2 0 0 5 5 7 3 1 0 0 0 0 0 N
T 16 11 4 9 5 0 0 2 0 0 5 5 7 3 0 0 0 0 0 0 N
C 16 11 4 9 5 0 0 2 0 0 5 6 6 3 0 0 0 0 0 0 N
C 16 11 4 9 5 0 0 2 0 0 6 6 5 3 0 0 0 0 0 0 N
T 16 10 5 9 5 0 0 2 0 0 6 5 5 4 0 0 0 0 0 1 N
T 16 11 4 9 5 0 0 2 0 0 6 5 5 4 1 0 0 0 0 1 N
T 16 11 4 9 5 0 0 2 0 0 6 4 5 5 1 0 0 0 0 1 N
G 16 12 4 8 5 0 0 2 0 0 6 5 5 4 2 0 0 0 0 1 N
G 16 11 4 9 4 0 0 2 0 0 6 5 5 4 2 0 0 0 0 1 N
C 16 11 4 9 4 0 0 2 0 0 6 6 4 4 3 0 0 0 0 1 N
C 16 10 5 9 3 0 0 2 0 0 6 6 4 4 3 0 0 0 0 1 N
A 16 10 6 8 3 0 0 2 0 0 5 7 4 4 3 0 0 0 0 1 N
G 17 9 6 8 2 0 0 2 0 0 5 7 5 3 3 0 0 0 0 1 N
A 17 9 6 8 2 0 0 2 0 0 4 8 5 3 3 0 0 0 0 1 N
A 18 8 6 8 1 0 0 2 0 0 3 8 5 4 3 0 0 0 0 1 N
C 19 7 6 8 1 0 0 2 0 0 3 8 5 4 3 0 0 0 0 1 N
C 19 6 7 8 1 0 0 2 0 0 3 9 4 4 3 0 0 0 0 1 N
A 19 6 7 8 1 0 0 2 0 0 2 10 4 4 3 0 0 0 0 1 N
A 20 5 7 8 1 0 0 2 0 0 2 10 4 4 3 0 0 0 0 1 N
C 20 5 7 8 1 0 0 2 0 0 3 10 3 4 3 0 0 1 0 1 N
T 19 5 8 8 1 0 0 1 0 0 4 9 3 4 3 0 0 1 0 1 N
T 18 6 8 8 1 0 0 1 0 0 5 8 3 4 3 0 0 1 0 1 N
T 17 7 8 8 1 0 0 1 0 0 5 8 3 4 3 0 0 1 0 1 N
A 16 8 8 8 1 0 0 1 0 0 4 8 3 5 3 0 1 1 0 1 N
G 16 8 8 8 1 0 0 1 0 0 4 9 3 4 4 0 1 1 0 0 N
T 15 8 8 9 1 0 0 1 0 1 4 8 3 5 3 0 1 1 0 0 N
G 14 9 8 9 2 0 0 1 0 1 4 9 3 4 4 0 1 1 0 0 N
T 13 9 8 10 2 0 0 1 0 1 4 9 3 4 3 0 1 1 0 0 N
G 12 10 8 10 3 0 0 1 0 1 4 9 3 4 3 0 1 1 0 0 N
T 12 9 8 11 3 0 0 1 0 1 4 8 4 4 2 0 1 1 0 0 N
C 11 10 8 11 4 0 0 1 0 1 4 8 4 4 2 0 1 1 0 0 N
T 10 10 9 11 4 0 0 0 0 1 4 7 5 4 2 0 1 1 0 0 N
C 9 11 9 11 4 0 0 0 0 1 5 7 4 4 2 0 1 1 0 0 N
T 8 11 10 11 4 0 0 0 0 1 5 6 5 4 2 0 1 1 0 0 N
G 7 12 10 11 4 0 0 0 0 1 5 6 5 4 2 0 1 1 0 0 N
C 7 12 9 12 4 0 0 0 0 1 6 6 4 4 2 0 1 1 0 0 N
T 7 12 10 11 4 0 0 0 0 1 6 5 5 4 2 0 1 1 0 0 N
T 7 13 10 10 4 0 0 0 0 1 6 5 5 4 2 0 1 1 0 0 N
A 7 14 10 9 4 0 0 0 0 1 5 6 5 4 2 0 1 1 0 0 N
A 7 14 10 9 4 0 0 0 0 1 4 6 6 4 2 0 1 0 0 0 N
A 8 14 10 8 4 0 0 1 0 1 3 7 6 4 2 0 1 0 0 0 N
A 9 14 10 7 4 0 0 1 0 1 2 7 6 5 2 0 1 0 0 0 N
T 10 13 10 7 3 0 0 1 0 1 2 7 6 5 3 0 1 0 0 0 N
G 10 14 9 7 3 0 0 1 0 1 2 8 6 4 3 0 0 0 0 0 N
T 10 14 8 8 3 0 1 1 0 1 2 7 7 4 2 0 0 0 0 0 N
G 10 14 8 8 4 0 1 1 0 1 2 7 8 3 2 0 0 0 0 0 N
T 10 13 8 9 4 0 1 1 0 1 2 6 9 3 1 0 0 0 0 0 N
T 10 13 8 9 5 0 1 1 0 1 2 6 9 3 1 0 0 0 0 0 N
G 10 14 8 8 5 0 1 1 0 1 2 6 10 2 1 0 0 0 0 0 N
C 10 14 8 8 5 0 1 1 0 1 2 6 10 2 1 0 0 0 0 0 N
C 10 14 8 8 5 0 1 1 0 1 3 6 9 2 1 0 0 0 0 0 N
C 10 14 8 8 5 0 1 1 0 1 3 6 9 2 1 0 0 0 0 0 N
A 9 14 9 8 5 0 1 1 0 1 3 6 9 2 1 0 0 0 0 0 N
C 10 14 9 7 5 0 1 1 0 1 3 6 8 3 1 0 0 0 0 0 N
G 9 14 10 7 5 0 1 1 0 1 3 6 8 3 1 0 0 0 0 0 N
A 8 14 10 8 5 0 1 1 0 1 3 6 8 3 1 0 0 0 0 0 N
C 9 14 9 8 5 0 1 1 0 1 4 6 7 3 1 0 0 0 0 0 N
T 9 14 9 8 5 0 1 1 0 1 4 5 8 3 1 0 0 0 0 0 N
T 8 15 9 8 5 0 1 1 0 1 4 5 8 3 1 0 0 0 0 0 N
C 7 16 9 8 5 0 1 1 0 1 4 6 7 3 1 0 0 0 0 0 N
T 7 16 9 8 5 0 1 1 0 1 4 5 8 3 1 0 0 0 0 0 N
G 7 16 9 8 5 0 1 1 0 1 4 5 9 2 1 0 0 0 0 0 N
T 7 15 9 9 5 0 1 1 0 1 4 4 10 2 0 0 0 0 0 0 N
T 7 15 9 9 6 0 1 1 0 1 4 3 11 2 0 0 0 0 0 0 N
C 6 16 9 9 6 0 1 1 0 1 5 3 10 2 0 0 0 0 0 0 N
C 6 16 10 8 6 0 1 1 0 0 5 3 9 3 0 0 0 0 0 0 N
C 6 15 11 8 5 0 1 1 0 0 5 3 9 3 0 0 0 0 0 0 N
T 6 15 12 7 5 0 1 1 0 0 5 2 10 3 0 0 0 0 0 0 N
C 6 15 12 7 4 0 1 1 0 0 5 2 10 3 0 0 0 0 0 0 N
C 6 15 13 6 4 0 1 1 0 0 5 3 9 3 0 0 0 0 0 0 N
A 6 14 14 6 3 0 1 1 0 0 4 4 9 3 0 0 0 0 0 0 N
C 7 14 13 6 3 0 1 1 0 0 5 4 8 3 0 0 0 0 0 0 N
A 7 13 14 6 3 0 1 1 0 0 4 4 9 3 0 0 0 0 0 0 N
G 8 13 13 6 3 0 1 1 0 0 4 5 9 2 0 0 0 0 0 0 N
G 8 12 13 7 3 0 1 1 0 0 5 5 9 1 0 0 0 0 0 0 C
A 8 12 13 7 3 0 1 1 0 0 4 5 10 1 0 0 0 0 0 0 C
A 9 12 12 7 3 0 1 1 0 0 3 5 11 1 0 0 0 0 0 0 C
C 10 11 12 7 3 0 1 1 0 0 3 5 10 2 0 0 0 0 0 0 C
T 10 10 13 7 3 0 1 1 0 0 3 5 10 2 1 0 0 0 0 0 C
T 9 11 13 7 3 0 1 1 0 0 3 5 10 2 1 0 0 0 0 0 C
C 8 12 13 7 3 0 1 0 0 0 3 6 9 2 1 0 0 0 0 0 C
C 7 12 14 7 3 0 1 0 0 0 3 6 8 3 1 0 0 0 0 0 C
C 6 12 15 7 3 0 1 0 0 0 3 6 8 3 1 0 0 0 0 0 C
C 6 11 16 7 3 0 1 0 0 0 3 6 7 4 1 0 0 0 0 0 C
A 6 11 17 6 3 0 0 0 0 0 2 6 8 4 1 0 0 0 0 0 C
G 7 10 17 6 2 0 0 0 0 0 2 7 8 3 1 0 0 0 0 0 C
C 7 10 17 6 2 0 0 0 0 0 2 8 7 3 1 0 0 0 0 0 C
C 7 9 18 6 1 0 0 0 0 0 2 8 7 3 1 0 0 0 0 0 C
C 7 8 19 6 1 0 0 0 0 0 3 8 6 3 1 0 0 0 0 0 C
T 7 8 20 5 1 0 0 0 0 0 4 7 6 3 1 0 0 0 0 0 C
T 7 9 19 5 1 0 0 0 0 0 5 6 6 3 1 0 0 0 0 0 C
A 7 10 18 5 1 0 0 0 0 0 5 6 6 3 1 0 0 0 0 0 C
C 8 10 17 5 1 0 0 0 0 0 5 7 5 3 1 0 0 0 0 0 C
T 7 10 18 5 1 0 0 0 0 0 5 7 5 3 1 0 0 0 0 0 C
A 7 11 17 5 1 0 0 0 0 0 4 7 6 3 1 0 0 0 0 0 C
C 8 11 17 4 1 0 0 0 0 0 4 7 6 3 1 0 0 0 0 0 C
C 7 11 18 4 1 0 0 0 0 0 5 7 5 3 1 0 0 0 0 0 C
G 7 11 18 4 1 0 0 0 0 0 5 7 6 2 1 0 0 0 0 0 C
T 7 10 18 5 1 0 0 0 0 0 5 6 6 3 0 0 0 0 0 0 C
T 7 10 18 5 2 0 0 0 0 0 5 6 6 3 1 0 0 0 0 0 C
T 7 11 17 5 2 0 0 0 0 0 6 5 6 3 1 0 0 0 0 0 C
G 7 11 17 5 2 0 0 0 0 0 6 5 7 2 1 0 0 0 0 0 C
C 7 11 17 5 2 0 0 0 0 0 7 5 6 2 1 0 0 0 0 0 C
G 7 10 18 5 1 0 0 0 0 0 8 5 6 1 1 0 0 0 0 0 C
C 7 9 18 6 1 0 0 0 0 0 9 5 5 1 1 0 0 0 0 0 C
T 7 9 18 6 1 0 0 0 0 0 9 4 6 1 1 0 0 0 0 0 C
T 7 10 17 6 1 0 0 0 0 0 10 3 6 1 1 0 0 0 0 0 C
C 7 11 16 6 1 0 0 0 0 0 10 4 5 1 1 0 0 0 0 0 C
A 7 10 17 6 1 0 0 0 0 0 10 4 5 1 1 0 0 0 0 0 C
A 8 10 16 6 1 0 0 0 0 0 10 4 5 1 1 0 0 1 0 0 C
A 9 10 15 6 1 0 0 0 0 0 9 4 6 1 1 0 0 1 0 0 C
A 9 10 15 6 1 0 0 0 0 0 8 5 6 1 1 0 0 1 0 0 C
T 10 10 14 6 1 0 0 0 0 0 8 4 6 2 1 0 0 1 0 0 C
T 9 11 14 6 1 0 0 0 0 0 8 4 6 2 2 0 0 1 0 0 C
C 9 12 14 5 1 0 0 0 0 0 8 4 5 3 2 0 0 1 0 0 C
C 9 12 15 4 1 0 0 0 0 0 8 4 4 4 2 0 0 1 0 0 C
A 8 12 16 4 1 0 0 0 0 0 7 4 5 4 2 0 0 1 0 0 C
C 8 12 16 4 1 0 0 0 0 0 7 4 5 4 2 0 0 1 0 0 C
G 8 12 16 4 1 0 0 0 0 0 8 4 5 3 2 0 0 1 0 0 C
T 8 11 16 5 1 0 0 0 0 0 8 4 5 3 1 0 0 1 0 0 C
A 8 11 16 5 2 0 0 0 0 0 7 4 6 3 1 0 0 1 0 0 C
C 9 11 15 5 2 0 0 0 0 0 7 5 5 3 1 0 0 1 0 0 C
A 9 11 15 5 2 0 0 0 0 0 6 6 5 3 1 0 0 1 0 0 C
A 10 11 14 5 2 0 0 0 0 0 5 7 5 3 1 0 0 1 0 0 C
A 11 11 13 5 2 0 0 0 0 0 5 7 5 3 1 0 0 1 0 0 C
C 11 11 13 5 2 0 0 0 0 0 5 8 4 3 1 0 0 1 0 0 C
A 11 11 14 4 2 0 0 0 0 0 4 8 4 4 1 0 1 1 0 0 C
T 12 11 13 4 2 0 0 0 0 0 4 7 5 4 1 0 1 1 0 0 C
A 12 12 12 4 2 0 0 0 0 0 3 8 5 4 1 0 1 1 0 0 C
A 13 12 11 4 2 0 0 0 0 0 2 8 5 5 1 0 1 0 0 0 C
C 14 11 11 4 2 0 0 1 0 0 2 8 4 6 1 0 1 0 0 0 C
T 14 10 12 4 2 0 0 1 0 0 3 7 4 6 1 0 1 0 0 0 C
G 13 11 12 4 2 0 0 1 0 0 3 7 5 5 1 0 1 0 0 0 C
T 13 11 11 5 2 0 0 1 0 0 4 6 5 5 0 0 1 0 0 0 C
G 13 11 11 5 3 0 0 1 0 0 4 6 6 4 0 0 1 0 0 0 C
G 12 11 11 6 3 0 0 1 0 0 5 6 6 3 0 0 1 0 0 0 C
C 12 11 10 7 3 0 0 1 0 0 5 6 5 4 0 0 1 0 0 0 C
C 12 11 10 7 3 0 0 1 0 0 5 7 4 4 1 0 1 0 0 0 C
A 12 11 11 6 3 0 0 1 0 0 4 7 4 5 1 0 1 0 0 0 C
T 13 10 11 6 2 0 0 1 0 0 5 6 4 5 1 0 1 0 1 0 C
C 13 10 11 6 2 0 0 1 0 0 5 7 3 5 1 0 1 0 1 0 C
T 13 9 12 6 2 0 0 1 0 0 5 6 3 6 1 0 2 0 1 0 C
T 13 10 12 5 2 0 0 1 0 0 5 5 4 6 1 0 2 0 1 0 C
T 13 11 11 5 2 0 0 1 0 0 5 5 4 6 1 0 2 0 1 0 C
A 13 12 11 4 2 0 0 1 0 0 4 5 4 7 1 0 2 0 1 0 C
T 14 12 10 4 2 0 0 1 0 0 4 5 4 7 2 0 2 0 1 0 C
G 14 12 10 4 2 0 0 1 0 0 4 5 4 7 2 0 1 0 1 0 C
C 14 11 10 5 2 0 1 1 0 0 4 6 3 7 3 0 1 0 1 0 C
T 14 11 10 5 2 0 1 1 0 0 4 5 3 8 3 0 1 0 1 0 C
G 13 12 10 5 2 0 1 1 0 0 4 5 3 8 3 0 1 0 1 0 C
G 12 12 10 6 2 0 1 1 0 0 4 5 4 7 3 0 1 0 1 0 C
A 11 12 10 7 2 0 1 1 0 0 4 5 4 7 3 0 1 0 1 0 C
C 11 12 10 7 2 0 1 1 0 0 5 5 3 7 3 0 1 0 1 0 C
A 11 11 11 7 2 0 1 1 0 0 4 5 4 7 3 0 1 0 1 0 C
C 12 10 11 7 2 0 1 1 0 0 4 6 3 7 3 0 1 0 1 0 C
A 12 10 11 7 2 0 1 1 0 0 3 6 4 7 3 0 1 0 1 0 C
G 13 10 10 7 2 0 1 1 0 0 4 6 4 6 3 0 1 0 1 0 C
T 12 10 10 8 2 0 1 1 0 0 4 5 4 7 2 0 1 0 1 0 C
G 12 11 9 8 3 0 1 1 0 0 5 5 4 6 2 0 1 0 1 0 C
A 12 11 9 8 3 0 1 1 0 0 4 6 4 6 2 0 1 0 0 0 C
T 13 10 9 8 2 0 1 1 1 0 4 5 4 7 2 0 2 0 0 0 C
G 12 11 9 8 2 0 1 1 1 0 5 5 4 6 2 0 1 0 1 0 C
C 12 11 8 9 2 0 2 1 1 0 5 5 4 6 2 0 1 0 1 0 C
T 11 11 9 9 2 0 2 1 1 0 5 5 4 6 2 0 1 0 1 0 C
G 10 12 9 9 2 0 2 1 1 0 5 6 4 5 2 0 1 0 1 0 C
T 9 12 9 10 2 0 2 1 1 0 5 6 4 5 1 0 1 0 1 0 C
G 9 13 8 10 3 0 2 1 1 0 5 6 4 5 1 0 1 0 1 0 C
T 8 13 8 11 3 0 2 1 1 0 5 5 5 5 0 0 1 0 1 0 C
G 8 13 8 11 4 0 2 1 1 0 5 5 6 4 0 0 1 0 1 0 C
G 7 13 8 12 4 0 2 1 1 0 6 5 6 3 0 0 1 0 1 0 C
C 6 13 8 13 4 0 2 0 1 0 6 5 5 4 0 0 1 0 1 0 C
A 6 13 8 13 4 0 2 0 1 0 5 6 5 4 1 0 1 0 1 0 C
A 7 12 8 13 4 0 2 0 1 0 4 6 6 4 1 0 1 0 1 0 C
C 8 12 8 12 4 0 2 0 1 0 5 6 5 4 1 0 1 0 1 0 C
T 8 11 9 12 3 0 2 0 1 0 5 5 5 5 1 0 1 0 1 0 C
C 8 12 9 11 3 0 2 0 1 0 5 5 5 5 1 0 1 0 1 0 C
A 8 12 10 10 3 0 2 0 1 0 5 5 5 5 1 0 1 0 1 0 C
G 9 12 9 10 3 0 2 0 1 0 5 5 5 5 1 0 1 0 1 0 C
A 9 12 8 11 3 0 2 0 1 0 4 5 6 5 1 0 1 0 1 0 C
T 9 12 8 11 3 0 2 0 1 0 4 4 7 5 1 0 1 0 1 0 C
G 9 12 8 11 3 0 2 0 1 0 4 4 8 4 1 0 0 0 1 0 C
A 9 12 7 12 3 0 3 0 1 0 4 4 8 4 1 0 0 0 0 0 C
C 10 11 7 12 3 0 3 0 2 0 5 4 7 4 1 0 0 0 0 0 C
T 10 10 8 12 3 0 3 0 2 0 6 3 7 4 1 0 0 0 0 0 C
T 10 10 8 12 3 0 3 0 2 0 7 2 7 4 1 0 0 0 0 0 C
T 9 11 8 12 3 0 3 0 2 0 7 2 7 4 1 0 0 0 0 0 C
G 9 11 8 12 3 0 3 0 2 0 7 2 7 4 1 0 1 0 0 0 C
C 9 11 8 12 3 0 2 0 2 0 7 2 7 4 1 0 1 0 0 0 C
C 9 11 8 12 3 0 2 0 2 0 7 2 7 4 1 0 1 0 0 0 C
A 9 10 9 12 3 0 2 0 2 0 6 3 7 4 1 0 1 0 0 0 C
G 10 10 9 11 3 0 2 0 2 0 6 3 8 3 1 0 1 0 0 0 C
T 10 10 9 11 3 0 2 0 2 0 6 2 8 4 0 0 1 0 0 0 C
C 9 11 9 11 4 0 2 0 2 0 7 2 7 4 0 0 1 0 0 0 C
A 9 11 9 11 4 0 2 0 2 0 6 2 7 5 0 0 1 0 0 0 C
G 9 11 9 11 4 0 2 0 2 0 7 2 7 4 0 0 1 0 0 0 C
C 9 11 8 12 4 0 2 0 2 0 7 2 7 4 0 0 1 0 0 0 C
A 8 11 9 12 4 0 2 0 2 0 6 2 8 4 0 0 1 0 0 0 C
G 9 11 9 11 4 0 2 0 2 0 6 3 8 3 0 0 1 0 0 0 C
C 9 10 9 12 3 0 2 0 2 0 6 3 7 4 0 0 1 0 0 0 C
C 9 10 10 11 3 0 2 0 2 0 6 3 6 5 0 0 1 0 0 0 C
C 8 10 11 11 3 0 2 0 1 0 6 3 5 6 0 0 1 0 0 0 C
A 8 9 12 11 3 0 2 0 1 0 6 3 5 6 0 0 1 0 0 0 C
A 9 9 12 10 3 0 1 0 1 0 5 3 5 7 0 0 1 0 0 0 C
A 10 9 11 10 3 0 1 0 1 0 4 4 5 7 1 0 1 0 0 0 C
A 11 8 11 10 3 0 1 0 1 0 3 4 5 8 1 0 1 0 0 0 C
T 12 8 11 9 3 0 1 0 1 0 3 3 5 9 1 0 1 0 0 0 C
G 12 8 11 9 2 0 1 0 1 0 3 3 6 8 1 0 0 0 0 0 C
C 12 8 11 9 2 0 2 0 1 0 3 3 6 8 1 0 0 0 0 0 C
C 12 7 12 9 1 0 2 0 1 0 3 3 6 8 1 0 0 0 0 0 C
T 12 7 13 8 1 0 2 0 1 0 3 2 6 9 1 0 0 0 0 0 C
C 12 8 13 7 1 0 2 0 1 0 3 2 6 9 1 0 0 0 0 0 C
G 12 8 13 7 1 0 2 0 1 0 4 2 6 8 1 0 0 0 0 0 C
A 11 8 13 8 1 0 2 0 1 0 3 2 7 8 1 0 0 0 0 0 C
G 11 8 13 8 1 0 2 0 1 0 3 3 7 7 1 0 0 0 0 0 C
A 11 8 12 9 1 0 2 0 1 0 2 3 8 7 1 0 0 0 0 0 C
C 12 7 12 9 1 0 2 0 1 0 3 3 7 7 1 0 0 0 0 0 C
C 12 7 12 9 1 0 2 0 1 0 3 3 6 8 1 0 0 0 0 0 C
T 11 7 13 9 1 0 2 0 1 0 3 2 7 8 1 0 0 0 0 0 C
G 11 8 13 8 1 0 2 0 1 0 3 3 7 7 1 0 0 0 0 0 C
G 10 8 13 9 1 0 2 0 1 0 3 3 7 7 1 0 0 0 0 0 C
G 10 7 13 10 1 0 2 0 1 0 3 4 7 6 2 0 0 0 0 0 C
A 10 7 13 10 1 0 1 0 1 0 2 4 8 6 2 0 0 0 0 0 C
G 10 7 13 10 1 0 1 0 0 0 2 4 9 5 2 0 0 0 0 0 C
T 10 7 12 11 1 0 1 0 0 0 2 4 9 5 1 0 0 0 0 0 C
G 10 7 12 11 2 0 1 0 0 0 2 4 9 5 1 0 0 0 0 0 C
G 10 6 12 12 2 0 1 0 0 0 2 4 9 5 1 0 0 0 0 0 C
C 10 5 12 13 2 0 1 0 0 0 2 4 9 5 1 0 0 0 0 0 C
C 10 5 13 12 2 0 1 0 0 0 2 5 8 5 1 0 0 0 0 0 C
C 10 5 13 12 2 0 1 0 0 0 2 5 8 5 1 0 0 0 0 0 C
G 10 5 13 12 2 0 1 0 0 0 3 5 8 4 1 0 0 0 0 0 C
C 9 5 13 13 2 0 1 0 0 0 4 5 7 4 1 0 0 0 0 0 C
A 9 5 14 12 2 0 1 0 0 0 4 5 7 4 1 0 0 0 0 0 C
C 10 4 14 12 1 0 1 0 0 0 5 5 6 4 1 0 0 0 0 0 C
T 10 4 14 12 1 0 1 0 0 0 6 4 6 4 1 0 0 0 0 0 C
C 9 5 14 12 1 0 1 0 0 0 6 4 5 5 1 0 0 0 0 0 C
A 9 5 15 11 1 0 1 0 0 0 5 4 6 5 1 0 0 0 0 0 C
G 10 5 14 11 1 0 1 0 0 0 6 4 6 4 1 0 0 0 0 0 C
C 9 5 14 12 1 0 1 0 0 0 6 4 5 5 1 0 0 0 0 0 C
T 9 5 15 11 1 0 1 0 0 0 6 4 5 5 2 0 0 0 0 0 C
G 9 6 14 11 1 0 1 0 0 0 6 5 5 4 2 0 0 0 0 0 C
T 9 6 13 12 1 0 1 0 0 0 6 4 5 5 1 0 0 0 0 0 C
C 9 7 12 12 2 0 1 0 0 0 6 4 4 6 1 0 0 0 0 0 C
C 8 7 13 12 2 0 1 0 0 0 6 4 4 6 1 0 0 0 0 0 C
T 7 7 14 12 2 0 1 0 0 0 7 3 4 6 1 0 0 0 0 0 C
G 6 8 14 12 2 0 1 0 0 0 7 3 4 6 1 0 0 0 0 0 C
G 5 8 14 13 2 0 1 0 0 0 7 3 5 5 1 0 0 0 0 0 C
C 5 7 14 14 2 0 1 0 0 0 8 3 4 5 1 0 0 0 0 0 C
T 5 7 15 13 2 0 0 0 0 0 8 2 4 6 1 0 0 0 0 0 C
C 5 8 14 13 2 0 0 0 0 0 8 2 4 6 1 0 0 0 0 0 C
A 5 8 14 13 2 0 0 0 0 0 7 2 5 6 1 0 0 0 0 0 C
A 6 7 14 13 2 0 0 0 0 0 7 2 5 6 1 0 0 0 0 0 C
A 7 7 13 13 2 0 0 0 0 0 7 2 5 6 1 0 0 0 0 0 C
A 8 7 13 12 2 0 0 0 0 0 6 2 5 7 1 0 0 0 0 0 C
A 8 7 13 12 2 0 0 0 0 0 5 2 5 8 1 0 0 0 0 0 C
G 9 7 13 11 2 0 0 0 0 0 6 2 5 7 1 0 0 0 0 0 C
C 8 7 13 12 2 0 0 0 0 0 6 2 4 8 1 0 0 0 0 0 C
A 8 7 13 12 2 0 0 0 0 0 5 2 4 9 1 0 0 0 0 0 C
G 9 7 12 12 2 0 0 0 0 0 6 2 4 8 1 0 0 0 0 0 C
T 9 6 12 13 2 0 0 0 0 0 6 1 5 8 0 0 0 0 0 0 C
T 9 7 12 12 3 0 0 0 0 0 6 1 5 8 0 0 0 0 0 0 C
G 9 8 12 11 3 0 0 0 0 0 7 1 5 7 0 0 0 0 0 0 C
G 9 8 12 11 3 0 0 0 0 0 7 1 6 6 0 0 0 0 0 0 C
C 8 8 12 12 3 0 0 0 0 0 7 1 5 7 0 0 0 0 0 0 C
A 8 8 13 11 3 0 0 0 0 0 6 2 5 7 1 0 0 0 0 0 C
G 9 7 13 11 2 0 0 0 0 0 6 3 5 6 1 0 0 0 0 0 C
C 9 7 13 11 2 0 0 0 0 0 6 4 4 6 1 0 0 0 0 0 C
A 9 7 14 10 2 0 0 0 0 0 5 5 4 6 1 0 0 0 0 0 C
G 10 7 13 10 2 0 0 0 0 0 5 5 4 6 1 0 0 0 0 0 C
C 10 7 12 11 2 0 0 0 0 0 5 5 3 7 1 0 0 0 0 0 C
C 10 7 12 11 2 0 0 0 0 0 5 6 2 7 2 0 0 0 0 0 C
A 10 7 13 10 2 0 0 0 0 0 4 6 2 8 2 0 0 0 0 0 C
A 11 7 12 10 2 0 0 0 0 0 3 6 2 9 2 0 0 0 0 0 C
G 11 7 12 10 2 0 0 0 0 0 3 6 3 8 2 0 0 0 0 0 C
G 11 7 11 11 2 0 0 0 0 0 3 6 4 7 2 0 0 0 0 0 C
A 11 6 11 12 2 0 0 0 0 0 2 6 4 8 2 0 0 0 0 0 C
G 12 6 10 12 2 0 0 0 0 0 2 6 4 8 2 0 0 0 0 0 C
G 11 6 10 13 2 0 0 0 0 0 2 6 5 7 2 0 0 0 0 0 C
A 11 6 10 13 2 0 0 0 0 0 1 6 6 7 2 0 0 0 0 0 C
C 12 6 9 13 2 0 0 0 0 0 2 6 5 7 2 0 0 0 0 0 C
T 12 5 10 13 2 0 0 0 0 0 2 5 6 7 2 0 0 0 0 0 C
A 12 6 10 12 2 0 0 0 0 0 1 6 6 7 2 0 0 0 0 0 C
C 13 5 10 12 1 0 0 0 0 0 2 6 5 7 2 0 0 0 0 0 C
G 13 5 10 12 1 0 0 0 0 0 2 6 6 6 2 0 0 0 0 0 C
T 13 5 9 13 1 0 0 0 0 0 2 5 7 6 1 0 0 0 0 0 C
T 13 5 9 13 2 0 0 0 0 0 2 4 8 6 1 0 0 0 0 0 C
T 13 6 9 12 2 0 0 0 0 0 2 3 9 6 1 0 0 0 0 0 C
T 13 7 9 11 2 0 0 0 0 0 3 2 9 6 1 0 0 0 0 0 C
G 13 8 8 11 2 0 0 0 0 0 3 3 9 5 1 0 0 0 0 0 C
G 13 7 8 12 2 0 0 0 0 0 3 3 10 4 1 0 0 0 0 0 C
T 13 7 7 13 2 0 0 0 0 0 3 3 10 4 0 0 0 0 0 0 C
G 12 8 7 13 3 0 0 0 0 0 3 3 10 4 0 0 0 0 0 0 C
G 11 8 7 14 3 0 0 0 0 0 3 3 10 4 0 0 0 0 0 0 C
C 10 8 7 15 3 0 0 0 0 0 3 4 9 4 1 0 0 0 0 0 C
C 9 8 8 15 3 0 0 0 0 0 3 4 9 4 1 0 0 0 0 0 C
G 8 8 9 15 3 0 0 0 0 0 3 4 10 3 1 0 0 0 0 0 C
G 8 8 9 15 3 0 0 0 0 0 4 4 10 2 1 0 0 0 0 0 C
C 8 8 8 16 3 0 0 0 0 0 4 5 9 2 1 0 0 0 0 0 C
C 7 8 9 16 3 0 0 0 0 0 4 5 9 2 1 0 0 0 0 0 C
A 7 8 10 15 3 0 0 0 0 0 3 5 9 3 1 0 0 0 0 0 C
C 8 7 10 15 2 0 0 0 0 0 3 5 9 3 1 0 0 0 0 0 C
T 8 6 11 15 2 0 0 0 0 0 3 4 10 3 1 0 0 0 0 0 C
A 8 7 11 14 2 0 0 0 0 0 2 4 10 4 1 0 0 0 0 0 C
C 9 7 11 13 2 0 0 0 0 0 3 4 9 4 1 0 0 0 0 0 C
C 9 7 11 13 2 0 0 0 0 0 3 4 8 5 1 0 0 0 0 0 C
C 8 7 12 13 2 0 0 0 0 0 3 4 8 5 1 0 0 0 0 0 C
C 8 7 13 12 2 0 0 0 0 0 4 4 7 5 1 0 0 0 0 0 C
A 8 7 13 12 2 0 0 0 0 0 3 4 8 5 1 0 0 0 0 0 C
T 8 7 13 12 2 0 0 0 0 0 3 3 8 6 1 0 0 0 0 0 C
C 8 8 13 11 2 0 0 0 0 0 3 3 7 7 1 0 0 0 0 0 C
T 8 8 13 11 2 0 0 0 0 0 4 2 7 7 1 0 0 0 0 0 C
G 8 9 12 11 2 0 0 0 0 0 4 2 8 6 1 0 0 0 0 0 C
G 7 9 12 12 2 0 0 0 0 0 4 2 9 5 1 0 0 0 0 0 C
T 6 9 12 13 2 0 0 0 0 0 4 1 10 5 0 0 0 0 0 0 C
C 6 10 12 12 3 0 0 0 0 0 5 1 9 5 0 0 0 0 0 0 C
C 6 10 13 11 3 0 0 0 0 0 5 1 9 5 0 0 0 0 0 0 C
A 5 10 14 11 3 0 0 0 0 0 4 1 9 6 0 0 0 0 0 0 C
T 6 10 14 10 3 0 0 0 0 0 4 0 10 6 0 0 0 0 0 0 C
C 6 11 14 9 3 0 0 0 0 0 4 0 9 7 0 0 0 0 0 0 C
G 5 11 15 9 3 0 0 0 0 0 4 0 10 6 0 0 0 0 0 0 C
C 5 11 14 10 3 0 0 0 0 0 4 1 9 6 0 0 0 0 0 0 C
C 5 10 15 10 3 0 0 0 0 0 4 1 8 7 0 0 0 0 0 0 C
G 4 10 16 10 3 0 0 0 0 0 4 1 9 6 0 0 0 0 0 0 C
A 4 10 15 11 3 0 0 0 0 0 3 1 10 6 0 0 0 0 0 0 C
G 5 10 15 10 3 0 0 0 0 0 3 2 10 5 0 0 0 0 0 0 C
C 5 9 15 11 2 0 0 0 0 0 3 3 9 5 0 0 0 0 0 0 C
A 5 8 16 11 2 0 0 0 0 0 2 3 9 6 0 0 0 0 0 0 C
C 6 7 16 11 2 0 0 0 0 0 2 4 8 6 1 0 0 0 0 0 C
G 6 6 17 11 2 0 0 0 0 0 2 4 9 5 1 0 0 0 0 0 C
G 6 6 17 11 2 0 0 0 0 0 3 4 9 4 1 0 0 0 0 0 C
A 6 6 17 11 2 0 0 0 0 0 3 4 9 4 1 0 0 0 0 0 C
C 7 5 17 11 1 0 0 0 0 0 3 4 8 5 1 0 0 0 0 0 C
C 7 5 18 10 1 0 0 0 0 0 4 4 7 5 1 0 0 0 0 0 C
C 7 5 19 9 1 0 0 0 0 0 5 4 6 5 1 0 0 0 0 0 C
A 7 5 19 9 1 0 0 0 0 0 4 4 7 5 1 0 0 0 0 0 C
C 8 5 18 9 1 0 0 0 0 0 4 5 6 5 1 0 0 0 0 0 C
G 8 5 19 8 1 0 0 0 0 0 4 6 6 4 1 0 0 0 0 0 C
C 8 5 19 8 1 0 0 0 0 0 4 6 5 5 1 0 0 0 0 0 C
G 8 5 19 8 1 0 0 0 0 0 4 6 6 4 1 0 0 0 0 0 C
C 8 5 18 9 1 0 0 0 0 0 4 6 5 5 1 0 0 0 0 0 C
T 7 5 19 9 1 0 0 0 0 0 5 5 5 5 1 0 0 0 0 0 C
G 7 6 18 9 1 0 0 0 0 0 5 5 6 4 1 0 0 0 0 0 C
C 7 5 18 10 1 0 0 0 0 0 5 5 6 4 1 0 0 0 0 0 C
C 6 5 19 10 1 0 0 0 0 0 6 5 5 4 1 0 0 0 0 0 C
T 6 5 19 10 1 0 0 0 0 0 6 5 5 4 1 0 0 0 0 0 C
T 6 6 18 10 1 0 0 0 0 0 6 5 5 4 1 0 0 0 0 0 C
G 6 7 17 10 1 0 0 0 0 0 6 5 5 4 1 0 0 0 0 0 C
T 6 7 16 11 1 0 0 0 0 0 6 5 5 4 1 0 0 0 0 0 C
C 5 8 16 11 2 0 0 0 0 0 6 6 4 4 1 0 0 0 0 0 C
A 5 7 17 11 2 0 0 0 0 0 6 6 4 4 1 0 0 0 0 0 C
A 6 7 16 11 2 0 0 0 0 0 5 6 4 5 1 0 0 0 0 1 C
G 7 6 16 11 2 0 0 0 0 0 5 6 5 4 1 0 0 0 0 1 C
A 7 6 16 11 2 0 0 0 0 0 4 6 6 4 1 0 0 0 0 1 C
A 8 6 16 10 2 0 0 0 0 0 4 6 6 4 1 0 0 0 0 1 C
C 9 5 16 10 1 0 0 0 0 0 4 6 6 4 1 0 0 0 0 1 C
T 9 5 16 10 1 0 0 0 0 0 5 5 6 4 1 0 0 0 0 1 C
T 9 6 15 10 1 0 0 0 0 0 5 5 6 4 1 0 0 0 0 1 C
G 8 7 15 10 1 0 0 0 0 0 6 5 6 3 1 0 0 0 0 1 C
C 8 6 15 11 1 0 0 0 0 0 6 5 6 3 1 0 0 0 0 1 C
G 8 6 15 11 1 0 0 0 0 0 6 5 6 3 1 0 0 0 0 1 C
A 8 6 15 11 1 0 0 0 0 0 5 5 6 4 1 0 0 0 0 1 C
C 9 6 14 11 1 0 0 0 0 0 5 5 5 5 1 0 0 0 0 1 C
C 9 6 14 11 1 0 0 0 0 0 5 5 4 6 1 0 0 0 0 1 C
A 9 6 15 10 1 0 0 0 0 0 4 6 4 6 2 0 0 0 0 1 C
T 9 6 15 10 1 0 0 0 0 0 4 5 5 6 2 0 0 0 0 1 C
T 9 7 15 9 1 0 0 0 0 0 5 4 5 6 2 0 0 0 0 1 C
G 9 8 14 9 1 0 0 0 0 0 5 4 6 5 2 0 0 0 0 1 C
T 8 8 14 10 1 0 0 0 0 0 5 4 6 5 1 0 0 0 0 1 C
T 8 9 13 10 2 0 0 0 0 0 5 3 6 6 1 0 0 0 0 1 C
A 8 10 13 9 2 0 0 0 0 0 4 3 7 6 1 0 0 0 0 1 C
G 9 10 13 8 2 0 0 0 0 0 4 3 8 5 1 0 0 0 0 0 C
C 8 10 13 9 2 0 0 0 0 1 4 4 7 5 1 0 0 0 0 0 C
C 8 10 13 9 2 0 0 0 0 1 5 4 6 5 1 0 0 0 0 0 C
A 8 10 13 9 2 0 0 0 0 1 4 4 7 5 1 0 0 0 0 0 C
C 9 10 12 9 2 0 0 0 0 1 4 4 7 5 1 0 0 0 0 0 C
A 8 10 13 9 2 0 0 0 0 1 3 5 7 5 1 0 0 0 0 0 C
T 9 10 12 9 2 0 0 0 0 1 3 4 7 6 1 0 0 0 0 0 C
A 9 11 12 8 2 0 0 0 0 1 2 5 7 6 2 0 0 0 0 0 C
C 10 11 11 8 2 0 0 0 0 1 2 5 6 7 2 0 0 0 0 0 C
G 10 11 12 7 2 0 0 0 0 1 2 6 6 6 3 0 0 0 0 0 C
G 10 11 11 8 2 0 0 0 0 1 2 6 6 6 3 0 0 0 0 0 C
G 10 10 11 9 2 0 0 0 0 1 2 6 6 6 3 0 0 0 0 0 C
G 10 10 11 9 2 0 0 0 0 1 3 6 6 5 3 0 0 0 0 0 C
T 10 10 10 10 2 0 0 0 0 1 3 5 7 5 2 0 0 0 0 0 C
C 10 11 9 10 3 0 0 0 0 1 4 5 6 5 2 0 0 0 0 0 C
A 10 10 10 10 3 0 0 0 0 1 3 6 6 5 2 0 0 0 0 0 C
C 11 9 10 10 3 0 0 0 0 1 3 6 5 6 2 0 1 0 0 0 C
T 11 9 11 9 3 0 0 0 0 1 4 5 5 6 2 0 1 0 1 0 C
G 11 9 11 9 2 0 0 0 0 1 4 5 6 5 2 0 1 0 1 0 C
C 11 9 10 10 2 0 0 0 0 1 4 5 6 5 2 0 1 0 1 0 C
C 10 9 11 10 2 0 0 0 0 1 5 5 5 5 2 0 1 0 1 0 C
T 9 9 12 10 2 0 0 0 0 1 5 4 6 5 2 0 1 0 1 0 C
A 9 10 12 9 2 0 0 0 0 1 5 4 6 5 2 0 1 0 1 0 C
C 9 10 12 9 2 0 0 0 0 1 6 4 5 5 2 0 1 0 1 0 C
C 8 10 13 9 2 0 0 0 0 1 6 4 5 5 2 0 1 0 1 0 C
T 8 10 13 9 2 0 0 0 0 1 6 3 6 5 2 0 1 0 1 0 C
G 8 10 13 9 2 0 0 0 0 1 6 4 6 4 2 0 1 0 1 0 C
T 8 9 13 10 2 0 0 0 0 1 6 3 6 5 1 0 1 0 1 0 C
G 8 10 13 9 3 0 0 0 0 1 6 3 7 4 1 0 1 0 1 0 C
T 8 10 12 10 3 0 0 0 0 1 7 2 7 4 0 0 1 0 1 0 C
G 8 11 12 9 4 0 0 0 0 1 7 2 7 4 0 0 1 0 1 0 C
G 7 11 12 10 4 0 0 0 0 1 7 2 7 4 0 0 1 0 1 0 C
A 7 11 11 11 4 0 0 0 0 1 6 3 7 4 1 0 1 0 1 0 C
C 8 11 10 11 4 0 0 0 0 1 6 3 6 5 1 0 1 0 1 0 C
A 7 11 11 11 4 0 0 0 0 1 6 3 6 5 1 0 1 0 2 0 C
T 8 10 11 11 4 0 0 0 0 1 6 2 6 6 1 0 1 0 2 0 C
G 8 10 11 11 4 0 0 0 0 1 6 2 6 6 1 0 0 0 2 0 C
A 8 10 11 11 4 0 1 0 0 1 6 2 6 6 1 0 0 0 1 0 C
C 9 9 11 11 3 0 1 0 1 1 6 2 6 6 1 0 0 0 1 0 C
C 9 8 12 11 3 0 1 0 1 1 6 3 5 6 1 0 0 0 1 0 C
A 8 8 13 11 3 0 1 0 1 1 5 3 6 6 1 0 0 0 1 0 C
C 9 8 13 10 3 0 1 0 1 0 5 4 5 6 1 0 0 0 1 0 C
A 9 8 13 10 3 0 1 0 1 0 4 4 5 7 1 0 0 0 1 0 C
A 10 8 12 10 3 0 1 0 1 0 3 5 5 7 2 0 0 0 1 0 C
C 10 8 12 10 3 0 1 0 1 0 3 5 4 8 2 0 0 0 1 0 C
C 10 8 12 10 3 0 1 0 1 0 3 5 3 9 2 0 0 0 1 0 C
T 9 8 13 10 3 0 1 0 1 0 4 4 3 9 2 0 0 0 1 0 C
G 9 8 13 10 3 0 1 0 1 0 4 5 3 8 2 0 0 0 1 0 C
C 8 8 13 11 3 0 1 0 1 0 4 5 2 9 2 0 1 0 1 0 C
A 8 8 13 11 3 0 1 0 1 0 3 5 2 10 2 0 1 0 1 0 C
G 9 8 13 10 3 0 1 0 1 0 3 5 2 10 2 0 1 0 1 0 C
G 9 8 13 10 3 0 1 0 1 0 3 5 2 10 2 0 1 0 1 0 N
T 9 8 13 10 3 0 1 0 1 0 4 4 2 10 1 0 1 0 1 0 N
G 9 9 13 9 4 0 1 0 1 0 5 4 2 9 1 0 1 0 1 0 N
A 9 8 13 10 3 0 1 0 1 0 4 5 2 9 1 0 1 0 0 0 N
G 10 8 12 10 3 0 1 0 2 0 4 5 3 8 1 0 1 0 0 0 N
G 9 8 12 11 3 0 1 0 2 0 4 5 3 8 1 0 1 0 0 0 N
A 9 8 11 12 3 0 1 0 2 0 3 5 3 9 1 0 1 0 0 0 N
C 10 7 11 12 3 0 1 0 2 0 3 5 2 10 1 0 1 0 0 0 N
T 10 7 12 11 3 0 1 0 2 0 3 4 3 10 1 0 1 0 0 0 N
C 10 8 11 11 3 0 1 0 2 0 4 4 2 10 1 0 1 0 0 0 N
T 10 8 11 11 3 0 1 0 2 0 5 3 2 10 1 0 1 0 0 0 N
G 10 8 11 11 3 0 1 0 2 0 5 3 2 10 1 0 1 0 0 0 N
T 9 8 11 12 3 0 1 0 2 0 5 2 2 11 0 0 1 0 0 0 N
G 9 9 10 12 4 0 1 0 2 0 6 2 2 10 0 0 1 0 0 0 N
G 9 9 9 13 4 0 1 0 2 0 7 2 2 9 0 0 1 0 0 0 N
A 9 8 9 14 4 0 1 0 2 0 6 3 2 9 0 0 1 0 0 0 N
T 10 8 9 13 4 0 1 0 2 0 6 3 2 9 0 0 1 0 0 0 N
G 10 8 9 13 3 0 1 0 2 0 6 3 3 8 0 0 0 0 0 0 N
G 10 8 9 13 3 0 2 0 2 0 6 4 3 7 0 0 0 0 0 0 N
G 10 7 9 14 2 0 2 0 2 0 6 5 3 6 0 0 0 0 0 0 N
G 10 7 9 14 2 0 2 0 2 0 7 5 3 5 0 0 0 0 0 0 N
A 10 7 9 14 2 0 2 0 2 0 7 5 3 5 0 0 0 1 0 0 N
A 10 7 9 14 2 0 2 0 2 0 6 5 4 5 0 0 0 1 0 0 N
T 11 7 8 14 2 0 2 0 2 0 6 5 4 5 0 0 0 1 0 0 N
C 10 8 8 14 2 0 2 0 2 0 7 5 3 5 0 0 0 1 0 0 N
G 10 7 9 14 2 0 2 0 2 0 7 6 3 4 0 0 0 1 0 0 N
G 10 7 9 14 2 0 1 0 2 0 8 6 3 3 0 0 0 1 0 0 N
G 9 7 9 15 2 0 1 0 1 0 8 6 4 2 0 0 0 1 0 0 N
C 9 7 8 16 2 0 1 0 1 0 8 7 3 2 0 0 0 1 0 0 N
A 9 7 8 16 2 0 1 0 1 0 7 7 3 3 0 0 0 1 0 0 N
A 9 7 8 16 2 0 1 0 1 0 6 7 4 3 0 0 0 1 0 0 N
G 10 7 7 16 2 0 1 0 1 0 7 7 4 2 0 0 0 1 0 0 N
G 9 7 7 17 2 0 1 0 1 0 8 7 4 1 0 0 0 1 0 0 N
A 8 7 7 18 2 0 1 0 1 0 7 7 4 2 0 0 0 1 0 0 N
A 9 7 6 18 2 0 1 0 1 0 6 7 4 3 0 0 0 1 0 0 N
T 10 7 5 18 2 0 1 0 1 0 6 6 5 3 0 0 0 1 0 0 N
T 10 7 5 18 2 0 1 0 1 0 6 5 5 4 0 0 0 1 0 0 N
C 10 8 5 17 2 0 1 0 1 0 6 6 4 4 1 0 0 1 0 0 N
T 10 8 5 17 2 0 1 0 1 0 6 5 5 4 1 0 0 1 0 0 N
T 9 9 5 17 2 0 1 0 1 0 7 4 5 4 1 0 0 1 0 0 N
A 9 10 5 16 2 0 1 0 1 0 6 4 6 4 1 0 0 1 0 0 N
A 10 10 5 15 2 0 1 0 1 0 6 4 6 4 1 0 0 0 0 0 N
C 11 9 5 15 1 0 1 1 1 0 6 5 5 4 1 0 0 0 0 0 N
T 11 9 6 14 1 0 1 1 1 0 6 4 5 5 1 0 1 0 0 0 N
A 10 10 6 14 1 0 1 1 0 0 5 4 5 6 1 0 1 0 0 0 N
T 11 10 6 13 1 0 1 1 0 0 5 3 6 6 1 0 1 0 0 0 N
A 11 11 6 12 1 0 1 1 0 0 4 4 6 6 1 0 1 0 0 0 N
C 11 11 6 12 1 0 1 1 0 0 4 4 5 7 1 0 1 0 0 0 N
T 11 11 6 12 1 0 1 1 0 0 4 3 6 7 1 0 1 0 0 0 N
G 11 11 6 12 1 0 1 1 0 0 4 3 7 6 1 0 1 0 0 0 N
C 11 11 5 13 1 0 1 1 0 0 4 3 7 6 1 0 1 0 0 0 N
A 11 10 6 13 1 0 1 1 0 0 3 4 7 6 1 0 1 0 0 0 N
A 12 10 6 12 1 0 1 1 0 0 2 5 7 6 1 0 1 0 0 0 N
G 13 9 6 12 0 0 1 1 0 0 2 6 7 5 1 0 1 0 0 0 N
G 13 9 6 12 0 0 1 1 0 0 2 7 7 4 1 0 1 0 0 0 N
C 13 9 6 12 0 0 1 1 0 0 2 7 6 5 1 0 1 0 0 0 N
G 12 9 7 12 0 0 1 1 0 0 2 8 6 4 2 0 1 0 0 0 N
T 12 8 7 13 0 0 1 1 0 0 2 8 6 4 1 0 1 0 0 0 N
C 12 9 7 12 1 0 0 1 0 0 2 8 6 4 1 0 1 0 0 0 N
A 12 9 8 11 1 0 0 1 0 0 2 8 6 4 1 0 1 0 0 0 N
C 13 9 8 10 1 0 0 1 0 0 2 8 5 5 1 0 1 0 0 0 N
A 13 9 9 9 1 0 0 1 0 0 2 8 5 5 1 0 1 0 0 0 N
T 13 9 9 9 1 0 0 1 0 0 2 7 5 6 1 0 1 0 0 0 N
G 12 10 9 9 1 0 0 1 0 0 2 7 5 6 1 0 0 0 0 0 N
G 12 9 9 10 1 0 1 1 0 0 2 7 5 6 1 0 0 0 0 0 N
C 12 9 8 11 1 0 1 1 0 0 2 7 4 7 1 0 0 0 0 0 N
T 12 9 9 10 1 0 1 1 0 0 2 6 5 7 1 0 0 0 0 0 N
G 12 10 9 9 1 0 1 1 0 0 2 7 5 6 1 0 0 0 0 0 N
C 12 10 9 9 1 0 1 1 0 0 2 7 5 6 1 0 0 0 0 0 N
C 12 10 9 9 1 0 1 1 0 0 2 8 4 6 1 0 0 0 0 0 N
C 11 10 10 9 1 0 1 1 0 0 2 8 3 7 1 0 0 0 0 0 N
T 10 10 11 9 1 0 1 1 0 0 2 7 4 7 1 0 0 0 0 0 N
T 10 11 11 8 1 0 1 1 0 0 3 6 4 7 1 0 0 0 0 0 N
T 10 12 11 7 1 0 1 1 0 0 3 5 4 8 1 0 0 0 0 0 N
T 9 13 11 7 1 0 1 1 0 0 4 4 4 8 1 0 0 0 0 0 N
G 8 14 11 7 1 0 1 1 0 0 5 4 4 7 1 0 0 0 0 0 N
T 8 13 11 8 1 0 1 1 0 0 5 4 4 7 0 0 0 0 0 0 N
T 8 13 11 8 2 0 1 1 0 0 6 3 4 7 0 0 0 0 0 0 N
C 8 14 10 8 2 0 1 1 0 0 6 3 4 7 0 0 0 0 0 0 N
A 8 13 11 8 2 0 1 1 0 0 5 4 4 7 0 0 0 0 0 0 N
G 9 12 11 8 2 0 1 1 0 0 5 5 4 6 0 0 0 0 0 0 N
A 8 12 11 9 2 0 1 1 0 0 4 5 5 6 0 0 0 0 0 0 N
G 8 12 11 9 2 0 1 0 0 0 5 5 5 5 0 0 0 0 0 0 N
G 8 12 10 10 2 0 1 0 0 0 5 5 5 5 0 0 0 0 0 0 N
G 8 11 10 11 2 0 1 0 0 0 5 5 6 4 0 0 0 0 0 0 N
G 7 11 10 12 2 0 1 0 0 0 6 5 6 3 0 0 0 0 0 0 N
C 7 10 10 13 2 0 1 0 0 0 6 5 5 4 0 0 0 0 0 0 N
T 6 10 11 13 2 0 1 0 0 0 7 4 5 4 0 0 0 0 0 0 N
C 6 11 10 13 2 0 1 0 0 0 7 4 5 4 0 0 0 0 0 0 N
T 6 10 11 13 2 0 1 0 0 0 7 3 6 4 0 0 0 0 0 0 N
G 6 11 11 12 2 0 1 0 0 0 8 3 6 3 0 0 0 0 0 0 N
C 6 11 10 13 2 0 1 0 0 0 8 3 5 4 0 0 0 0 0 0 N
A 5 11 11 13 2 0 1 0 0 0 7 3 5 5 0 0 0 0 0 0 N
G 5 11 11 13 2 0 1 0 0 0 7 3 5 5 0 0 0 0 0 0 N
A 5 11 11 13 2 0 1 0 0 0 7 3 5 5 0 0 0 0 0 0 N
A 6 11 11 12 2 0 1 0 0 0 7 3 5 5 0 0 0 0 0 0 N
T 7 11 10 12 2 0 1 0 0 0 8 2 5 5 0 0 0 0 0 0 N
A 7 12 10 11 2 0 1 0 0 0 7 2 6 5 0 0 0 0 0 0 N
C 8 11 10 11 1 0 1 0 0 0 7 3 5 5 0 0 0 0 0 0 N
T 8 11 10 11 1 0 1 0 0 0 7 2 5 6 0 0 0 0 0 0 N
T 7 12 10 11 1 0 1 0 0 0 8 1 5 6 0 0 0 0 1 0 N
C 7 13 9 11 1 0 1 0 0 0 9 1 4 6 0 0 0 0 1 0 N
A 6 13 10 11 1 0 1 0 0 0 8 1 4 7 0 0 0 0 1 0 N
G 7 12 10 11 1 0 1 0 0 0 8 1 5 6 0 0 0 0 1 0 N
C 7 12 10 11 1 0 0 0 0 0 9 1 4 6 0 0 0 0 1 0 N
A 7 12 11 10 1 0 0 0 0 0 9 1 4 6 0 0 0 0 1 0 N
G 8 12 10 10 1 0 0 0 0 0 10 1 4 5 0 0 0 0 1 0 N
A 8 11 10 11 1 0 0 0 0 0 9 1 4 6 0 0 0 0 1 0 N
C 9 11 10 10 1 0 0 0 0 0 10 1 3 6 0 0 0 0 1 0 N
C 9 11 10 10 1 0 0 0 0 0 10 1 2 7 0 0 0 0 1 0 N
A 9 11 10 10 1 0 0 0 0 0 10 1 2 7 0 0 0 0 1 0 N
G 10 11 9 10 1 0 0 0 0 0 10 1 2 7 0 0 0 0 1 0 N
G 10 10 9 11 1 0 0 0 0 0 10 1 2 7 0 0 0 0 1 0 N
G 10 9 9 12 1 0 0 0 0 0 10 1 3 6 0 0 0 0 1 0 N
A 10 8 9 13 1 0 0 0 0 0 9 2 3 6 0 0 0 0 1 0 N
A 11 7 9 13 1 0 0 0 0 0 9 2 3 6 0 0 0 0 1 0 N
A 12 7 9 12 1 0 0 0 0 0 8 3 3 6 0 0 0 0 1 0 N
C 13 6 9 12 0 0 0 0 0 0 8 3 3 6 0 0 0 0 1 0 N
T 13 5 10 12 0 0 0 0 0 0 8 2 4 6 0 0 0 0 1 0 N
G 13 6 9 12 0 0 0 0 0 0 9 2 4 5 0 0 0 0 1 0 N
A 12 6 9 13 0 0 0 0 0 0 8 2 5 5 0 0 0 0 0 0 N
A 13 6 9 12 0 0 0 0 1 0 7 3 5 5 0 0 0 0 0 0 N
G 13 6 9 12 0 0 0 0 1 0 7 3 6 4 0 0 0 0 0 0 N
C 13 6 9 12 0 0 0 0 1 0 8 3 5 4 0 0 0 0 0 0 N
A 13 6 10 11 0 0 0 0 1 0 7 3 5 5 0 0 0 0 0 0 N
A 14 6 10 10 0 0 0 0 1 0 6 3 6 5 0 0 0 0 0 0 N
A 15 6 10 9 0 0 0 0 1 0 5 4 6 5 0 0 0 0 0 0 N
G 16 6 9 9 0 0 0 0 1 0 5 4 7 4 0 0 0 0 0 0 N
A 16 5 9 10 0 0 0 0 1 0 4 5 7 4 0 0 0 0 0 0 N
G 17 5 8 10 0 0 0 0 1 0 4 5 7 4 0 0 0 0 0 0 N
A 17 4 8 11 0 0 0 0 1 0 3 6 7 4 1 0 0 0 0 0 N
G 18 4 8 10 0 0 0 0 1 0 4 6 7 3 1 0 0 0 0 0 N
G 18 4 7 11 0 0 0 0 1 0 4 6 7 3 1 0 0 0 0 1 N
C 17 4 7 12 0 0 0 0 1 0 4 6 7 3 1 0 0 0 0 1 N
T 17 4 8 11 0 0 0 0 1 0 4 5 8 3 1 0 0 0 0 1 N
A 16 5 8 11 0 0 0 0 1 0 4 5 8 3 1 0 0 0 0 1 N
T 16 5 8 11 0 0 0 0 1 0 4 4 8 4 1 0 0 0 0 1 N
C 16 5 8 11 0 0 0 0 1 0 4 4 7 5 1 0 0 0 0 1 N
C 15 5 9 11 0 0 0 0 1 0 4 4 6 6 1 0 0 0 0 1 N
A 15 5 9 11 0 0 0 0 1 0 3 4 7 6 1 0 0 0 0 1 N
C 16 4 9 11 0 0 0 0 1 0 3 5 6 6 1 0 0 0 0 1 N
T 16 3 10 11 0 0 0 0 1 0 4 4 6 6 1 0 0 0 0 1 N
C 16 4 9 11 0 0 0 0 1 0 4 4 5 7 1 0 0 0 0 2 N
A 15 4 10 11 0 0 0 0 1 0 4 4 5 7 1 0 0 0 0 2 N
G 16 4 10 10 0 0 0 0 1 0 4 4 6 6 1 0 0 0 0 2 N
C 16 4 9 11 0 0 0 0 1 0 4 4 6 6 1 0 0 0 0 2 N
T 15 4 10 11 0 0 0 0 1 0 4 4 6 6 1 0 0 0 0 2 N
C 15 5 10 10 0 0 0 0 1 0 5 4 5 6 1 0 0 0 0 2 N
T 14 5 11 10 0 0 0 0 1 0 5 4 5 6 1 0 0 0 0 2 N
G 14 6 10 10 0 0 0 0 1 0 5 5 5 5 1 0 0 0 0 2 N
T 14 6 9 11 0 0 0 0 1 0 5 4 6 5 0 0 0 0 0 2 N
A 13 7 9 11 1 0 0 0 1 0 4 4 7 5 0 0 0 0 0 2 N
G 14 7 9 10 1 0 0 0 1 0 4 4 7 5 0 0 0 0 0 1 N
C 14 7 9 10 1 0 0 0 1 1 4 4 6 6 0 0 0 0 0 1 N
C 14 7 10 9 1 0 0 0 1 1 5 4 5 6 0 0 0 0 0 1 N
A 13 7 11 9 1 0 0 0 1 1 4 4 6 6 0 0 0 0 0 1 N
G 13 7 11 9 1 0 0 0 1 1 4 4 7 5 0 0 0 0 0 1 N
G 12 7 11 10 1 0 0 0 1 1 5 4 7 4 0 0 0 0 0 1 N
G 12 7 10 11 1 0 0 0 1 1 6 4 7 3 0 0 0 0 0 1 N
C 12 6 10 12 1 0 0 0 1 1 6 4 7 3 0 0 0 0 0 1 N
T 12 6 11 11 1 0 0 0 1 1 6 3 8 3 0 0 0 0 0 1 N
A 11 7 11 11 1 0 0 0 0 1 5 4 8 3 0 0 0 0 0 1 N
G 11 7 11 11 1 0 0 0 0 1 5 5 8 2 0 0 0 0 0 0 N
A 11 7 11 11 1 0 0 0 0 2 4 5 8 3 0 0 0 0 0 0 N
C 12 7 10 11 1 0 0 0 0 2 4 6 7 3 1 0 0 0 0 0 N
C 11 7 11 11 1 0 0 0 0 2 5 6 6 3 1 0 0 0 0 0 N
T 10 7 12 11 1 0 0 0 0 2 5 6 6 3 1 0 0 0 0 0 N
A 9 8 12 11 1 0 0 0 0 2 4 6 7 3 1 0 0 0 0 0 N
T 10 8 12 10 1 0 0 0 0 2 4 5 8 3 1 0 0 0 0 0 N
T 9 9 12 10 1 0 0 0 0 2 4 5 8 3 1 0 0 0 0 0 N
C 9 10 12 9 1 0 0 0 0 2 4 6 7 3 1 0 0 0 0 0 N
C 8 10 13 9 1 0 0 0 0 2 4 7 6 3 1 0 0 0 0 0 N
G 8 10 14 8 1 0 0 0 0 2 4 7 6 3 1 0 0 0 0 0 N
G 8 10 14 8 1 0 0 0 0 2 4 7 7 2 1 0 0 0 0 0 N
A 8 10 13 9 1 0 0 0 0 2 3 7 8 2 1 0 0 0 0 0 N
C 9 9 13 9 1 0 0 0 0 2 3 7 8 2 1 0 0 0 0 0 N
C 8 9 14 9 1 0 0 0 0 2 3 7 8 2 1 0 0 0 0 0 N
A 8 8 15 9 1 0 0 0 0 2 2 7 9 2 1 0 0 0 0 0 N
A 9 8 14 9 1 0 0 0 0 2 2 7 9 2 1 0 0 0 0 0 N
C 10 8 13 9 1 0 0 0 0 2 2 7 8 3 1 0 0 0 0 0 N
C 9 8 14 9 1 0 0 0 0 2 2 8 7 3 2 0 0 0 0 0 N
T 9 8 14 9 1 0 0 0 0 2 3 7 7 3 2 0 0 0 0 0 N
T 9 8 14 9 1 0 0 0 0 2 3 7 7 3 2 0 0 0 0 0 N
G 9 9 13 9 1 0 0 0 0 2 3 7 8 2 2 0 0 0 0 0 N
T 8 9 13 10 1 0 0 0 0 2 3 7 8 2 1 0 0 0 0 0 N
A 8 10 13 9 2 0 0 0 0 2 2 8 8 2 1 0 0 0 0 0 N
T 9 10 12 9 2 0 0 0 0 2 2 7 9 2 1 0 0 0 0 0 N
C 9 10 12 9 2 0 0 0 0 2 3 7 8 2 1 0 0 0 0 0 N
C 9 10 12 9 2 0 0 0 0 2 3 7 7 3 1 0 0 0 0 0 N
T 9 9 13 9 2 0 0 0 0 2 3 6 7 4 1 0 0 0 0 0 N
T 9 10 13 8 2 0 0 0 0 2 4 5 7 4 1 0 0 0 0 0 N
T 9 10 13 8 1 0 0 0 0 2 4 4 8 4 1 0 0 0 0 0 N
G 8 11 13 8 1 0 0 0 0 2 4 4 8 4 1 0 0 0 0 0 N
C 8 11 13 8 1 0 0 0 0 1 5 4 7 4 1 0 0 0 0 0 N
C 8 11 13 8 1 0 0 0 0 1 5 4 6 5 1 0 0 0 0 0 N
C 8 11 13 8 1 0 0 0 0 1 6 4 5 5 1 0 0 0 0 0 N
C 7 11 14 8 1 0 0 0 0 1 7 4 4 5 1 0 0 0 0 0 N
C 7 11 15 7 1 0 0 0 0 1 7 4 4 5 1 0 0 0 0 0 N
A 7 11 16 6 1 0 0 0 0 1 6 4 4 6 1 0 0 0 0 0 N
G 8 11 16 5 1 0 0 0 0 1 6 4 4 6 1 0 0 0 0 0 N
T 8 11 15 6 1 0 0 0 0 1 6 4 4 6 1 0 0 0 0 0 C
A 8 11 15 6 2 0 0 0 0 1 5 4 4 7 1 0 0 0 0 0 C
T 8 11 15 6 2 0 0 0 0 1 5 4 4 7 2 0 0 0 0 0 C
C 8 12 15 5 2 0 0 0 0 0 5 4 3 8 2 0 0 0 0 0 C
T 7 12 16 5 2 0 0 0 0 0 5 3 3 9 2 0 0 0 0 0 C
T 7 13 15 5 2 0 0 0 0 0 5 2 3 10 2 0 0 0 0 0 C
C 7 14 14 5 2 0 0 0 0 0 5 2 3 10 2 0 0 0 0 0 C
A 7 13 15 5 2 0 0 0 0 0 4 3 3 10 2 0 0 0 0 0 C
G 7 13 15 5 2 0 0 0 0 0 5 3 3 9 2 0 0 0 0 0 C
G 7 12 15 6 2 0 0 0 0 0 5 4 3 8 2 0 0 0 0 0 C
A 7 11 15 7 2 0 0 0 0 0 4 4 3 9 2 0 1 0 0 0 C
C 8 11 14 7 2 0 0 0 0 0 4 5 2 9 3 0 1 0 0 0 C
G 8 11 14 7 2 0 0 0 0 0 4 5 2 9 3 0 1 0 0 0 C
A 8 11 14 7 2 0 0 0 0 0 3 5 3 9 3 0 1 0 0 0 C
G 9 11 14 6 2 0 0 0 0 0 3 6 3 8 3 0 1 0 0 0 C
A 8 11 14 7 2 0 0 0 0 0 2 6 3 9 3 0 1 0 0 0 C
A 9 11 13 7 2 0 0 0 0 0 2 6 3 9 3 0 1 0 1 0 C
C 10 11 12 7 2 0 0 0 0 0 2 6 2 10 3 0 1 0 1 0 C
G 9 11 13 7 2 0 0 0 0 0 2 7 2 9 4 0 1 0 1 0 C
G 8 11 13 8 2 0 0 0 0 0 2 7 2 9 4 0 1 0 1 0 C
T 8 11 12 9 2 0 0 0 0 0 2 6 2 10 3 0 1 0 1 0 C
G 8 12 11 9 3 0 0 0 0 0 2 6 2 10 3 0 1 0 1 0 C
T 8 11 11 10 3 0 0 0 0 0 2 5 2 11 2 0 1 0 1 0 C
G 8 11 11 10 4 0 0 0 0 0 2 5 3 10 2 0 1 0 1 0 C
G 8 11 11 10 4 0 0 0 0 0 2 5 4 9 2 0 1 0 1 0 C
G 8 10 11 11 3 0 0 0 0 0 2 5 4 9 2 0 1 0 1 0 C
C 7 10 11 12 3 0 0 0 0 0 2 5 3 10 2 0 1 0 1 0 C
T 7 9 12 12 3 0 0 0 0 0 2 4 4 10 2 0 1 0 1 0 C
A 7 10 11 12 3 0 0 0 0 0 2 4 4 10 2 0 1 0 1 0 C
T 8 10 10 12 3 0 0 0 0 0 3 3 4 10 2 0 1 0 1 0 C
G 8 10 10 12 3 0 0 0 0 0 3 3 5 9 2 0 0 0 1 0 C
T 8 9 10 13 3 0 1 0 0 0 3 3 5 9 1 0 0 0 1 0 C
G 8 9 10 13 4 0 1 0 0 0 3 4 5 8 1 0 0 0 1 0 C
C 8 9 10 13 4 0 1 0 0 0 3 4 5 8 1 0 0 0 1 0 C
T 8 9 10 13 4 0 1 0 0 0 4 3 5 8 1 0 0 0 1 0 C
G 8 10 9 13 4 0 1 0 0 0 4 4 5 7 1 0 0 0 1 0 C
A 8 10 8 14 4 0 1 0 0 0 3 4 5 8 1 0 1 0 0 0 C
G 9 10 7 14 4 0 1 0 1 0 3 4 5 8 1 0 1 0 0 0 C
T 9 10 6 15 4 0 1 0 1 0 4 3 5 8 0 0 1 0 0 0 C
G 8 11 6 15 5 0 1 0 1 0 4 4 5 7 0 0 1 0 0 0 C
G 8 11 6 15 5 0 1 0 1 0 4 4 6 6 0 0 1 0 0 0 C
G 8 10 6 16 4 0 1 0 1 0 4 4 7 5 0 0 1 0 0 0 C
G 7 10 6 17 4 0 1 0 1 0 4 4 8 4 0 0 1 0 0 0 C
C 7 9 6 18 4 0 1 0 1 0 4 5 7 4 0 0 1 0 0 0 C
C 7 9 6 18 4 0 1 0 1 0 4 5 7 4 0 0 1 0 0 0 C
G 7 8 7 18 4 0 1 0 1 0 4 6 7 3 0 0 1 0 0 0 C
G 7 7 7 19 4 0 1 0 1 0 4 6 7 3 0 0 1 0 0 0 C
C 7 7 6 20 4 0 1 0 1 0 4 7 6 3 1 0 1 0 0 0 C
A 6 7 7 20 4 0 1 0 1 0 3 7 6 4 1 0 1 0 0 0 C
A 7 7 7 19 4 0 1 0 1 0 2 7 7 4 1 0 1 0 0 0 C
C 8 7 7 18 4 0 1 0 1 0 2 7 6 5 1 0 1 0 0 0 C
T 7 7 8 18 4 0 1 0 1 0 3 6 6 5 1 0 1 0 0 0 C
T 7 8 7 18 4 0 1 0 1 0 3 5 7 5 1 0 1 0 0 0 C
C 7 9 7 17 4 0 1 0 1 0 4 5 6 5 1 0 1 0 0 0 C
A 6 9 8 17 4 0 1 0 1 0 3 6 6 5 1 0 1 0 0 0 C
T 7 9 8 16 4 0 1 0 1 0 3 5 7 5 1 0 1 0 0 0 C
G 6 10 8 16 4 0 1 0 1 0 4 5 7 4 1 0 0 0 0 0 C
G 5 10 8 17 4 0 2 0 1 0 5 5 7 3 1 0 0 0 0 0 C
A 5 10 7 18 4 0 2 0 1 0 4 5 8 3 1 0 0 0 0 0 C
T 6 10 7 17 4 0 2 0 1 0 4 4 8 4 1 0 0 0 0 0 C
C 6 11 7 16 4 0 2 0 1 0 5 4 7 4 1 0 0 0 0 0 C
C 6 10 8 16 3 0 2 0 1 0 6 4 6 4 1 0 0 0 0 0 C
C 6 10 9 15 3 0 2 0 1 0 7 4 5 4 1 0 0 0 0 0 C
T 6 9 10 15 2 0 2 0 1 0 7 3 5 5 1 0 0 0 0 0 C
C 6 10 10 14 2 0 2 0 1 0 7 3 4 6 1 0 0 0 0 0 C
T 6 10 11 13 2 0 2 0 1 0 7 3 4 6 2 0 0 0 0 0 C
G 6 11 11 12 2 0 2 0 1 0 7 3 5 5 2 0 0 0 0 0 C
T 6 11 10 13 2 0 2 0 1 0 7 2 6 5 1 0 0 0 0 0 C
G 6 11 10 13 3 0 2 0 1 0 7 2 7 4 1 0 0 0 0 0 C
C 5 11 10 14 3 0 2 0 1 0 7 2 7 4 1 0 0 0 0 0 C
G 5 10 11 14 3 0 2 0 1 0 8 2 7 3 1 0 0 0 0 0 C
A 5 10 11 14 3 0 1 0 1 0 8 2 7 3 1 0 0 0 0 0 C
C 6 9 11 14 2 0 1 0 1 0 8 2 7 3 1 0 0 0 0 0 C
A 6 9 12 13 2 0 1 0 1 0 7 2 7 4 1 0 0 0 0 0 C
T 7 9 11 13 2 0 1 0 1 0 7 1 7 5 1 0 0 0 0 0 C
C 7 9 11 13 2 0 1 0 1 0 7 1 7 5 1 0 0 0 0 0 C
A 7 9 12 12 2 0 1 0 1 0 6 2 7 5 1 0 0 0 0 0 C
A 7 9 12 12 2 0 1 0 0 0 6 2 7 5 1 0 0 0 0 0 C
C 8 9 12 11 2 0 1 0 0 0 6 2 7 5 1 0 0 0 0 0 C
G 8 8 13 11 1 0 1 0 0 0 6 3 7 4 1 0 0 0 0 0 C
A 8 8 13 11 1 0 1 0 0 0 5 4 7 4 1 0 0 0 0 0 C
A 9 8 13 10 1 0 1 0 0 0 4 4 7 5 1 0 0 0 0 0 C
A 10 8 13 9 1 0 1 0 0 0 3 4 8 5 1 0 0 0 0 0 C
G 11 8 13 8 1 0 1 0 0 0 3 4 8 5 1 0 0 0 0 0 C
G 11 8 12 9 1 0 1 0 0 0 3 4 8 5 1 0 0 0 0 0 C
T 11 8 11 10 1 0 1 0 0 0 3 4 8 5 1 0 0 0 0 0 C
C 11 9 11 9 2 0 1 0 0 0 3 5 7 5 1 0 0 0 0 0 C
C 11 9 12 8 2 0 1 0 0 0 3 6 6 5 1 0 0 0 0 0 C
C 11 9 12 8 2 0 1 0 0 0 3 6 6 5 1 0 0 0 0 0 C
C 10 9 13 8 2 0 1 0 0 0 4 6 5 5 1 0 0 0 0 0 C
A 9 9 14 8 2 0 1 0 0 0 3 6 6 5 1 0 0 0 0 0 C
A 10 9 13 8 2 0 1 0 0 0 2 7 6 5 1 0 0 0 0 0 C
C 11 8 13 8 2 0 1 0 0 0 3 7 5 5 1 0 0 0 0 0 C
G 11 7 14 8 2 0 1 0 0 0 3 8 5 4 1 0 0 0 0 0 C
G 11 7 13 9 2 0 1 0 0 0 3 8 5 4 1 0 1 0 0 0 C
C 10 7 13 10 2 0 1 0 0 0 3 8 4 5 1 0 1 0 0 0 C
T 10 6 14 10 2 0 1 0 0 0 4 7 4 5 1 0 1 0 0 0 C
A 10 7 14 9 2 0 0 0 0 0 3 8 4 5 1 0 1 0 0 0 C
C 11 7 14 8 2 0 0 0 0 0 3 8 4 5 1 0 1 0 0 0 C
T 10 7 15 8 2 0 0 0 0 0 3 8 4 5 1 0 1 0 0 0 C
T 10 7 15 8 2 0 0 0 0 0 3 7 4 6 1 0 1 0 0 0 C
G 10 8 14 8 2 0 0 0 0 0 4 7 4 5 1 0 1 0 1 0 C
C 10 8 13 9 2 0 0 0 0 0 4 7 3 6 1 0 1 0 1 0 C
G 10 8 13 9 2 0 0 0 0 0 4 7 3 6 1 0 1 0 1 0 C
G 10 7 13 10 2 0 0 0 0 0 5 7 3 5 1 0 1 0 1 0 C
T 10 7 12 11 2 0 0 0 0 0 5 6 4 5 0 0 1 0 1 0 C
T 10 7 12 11 3 0 0 0 0 0 5 6 4 5 0 0 1 0 1 0 C
T 10 8 12 10 3 0 0 0 0 0 5 5 5 5 0 0 1 0 1 0 C
C 10 8 12 10 2 0 0 0 0 0 5 5 5 5 0 0 1 0 1 0 C
A 10 8 13 9 2 0 0 0 0 0 4 5 6 5 0 0 1 0 1 0 C
C 11 8 12 9 2 0 0 0 0 0 4 6 5 5 0 0 1 0 1 0 C
T 11 8 13 8 2 0 0 0 0 0 4 5 5 6 0 0 1 0 1 0 C
A 10 9 13 8 2 0 0 0 0 0 3 5 5 7 0 0 1 0 1 0 C
T 11 9 12 8 2 0 0 0 0 0 3 4 5 8 0 0 1 0 1 0 C
G 10 10 12 8 2 0 0 0 0 0 3 4 6 7 0 0 0 0 1 0 C
G 10 9 12 9 2 0 1 0 0 0 3 4 6 7 0 0 0 0 1 0 C
A 10 9 11 10 2 0 1 0 0 0 2 4 6 8 0 0 0 0 1 0 C
T 10 9 11 10 2 0 1 0 0 0 2 3 7 8 0 0 0 0 1 0 C
C 9 10 11 10 2 0 1 0 0 0 2 4 6 8 0 0 0 0 1 0 C
T 9 10 11 10 2 0 1 0 0 0 2 4 6 8 0 0 0 0 1 0 C
G 9 11 11 9 2 0 1 0 0 0 2 4 7 7 0 0 0 0 1 0 C
A 8 11 11 10 2 0 1 0 0 0 2 4 7 7 0 0 0 0 0 0 C
G 8 11 11 10 2 0 1 0 1 0 2 4 8 6 0 0 0 0 0 0 C
G 7 11 11 11 2 0 1 0 1 0 3 4 8 5 0 0 0 0 0 0 C
A 7 11 11 11 2 0 1 0 1 0 2 4 9 5 0 0 0 0 0 0 C
C 8 11 11 10 2 0 1 0 1 0 3 4 8 5 0 0 0 0 0 0 C
T 8 10 12 10 1 0 1 0 1 0 3 4 8 5 0 0 0 0 0 0 C
C 8 11 11 10 1 0 1 0 1 0 3 4 7 6 0 0 1 0 0 0 C
C 8 11 11 10 1 0 1 0 1 0 3 5 6 6 1 0 1 0 0 0 C
C 8 11 11 10 1 0 1 0 1 0 3 5 5 7 1 0 1 0 0 0 C
T 8 11 11 10 1 0 1 0 1 0 3 4 5 8 1 0 1 0 0 0 C
G 7 12 11 10 1 0 1 0 1 0 4 4 5 7 1 0 1 0 0 0 C
G 6 12 11 11 1 0 1 0 1 0 4 4 5 7 1 0 1 0 0 0 C
G 6 12 10 12 1 0 1 0 1 0 5 4 5 6 1 0 1 0 0 0 C
C 6 12 10 12 1 0 1 0 1 0 5 5 4 6 1 0 1 0 0 0 C
G 6 12 11 11 1 0 1 0 1 0 6 5 4 5 1 0 1 0 0 0 C
G 6 12 10 12 1 0 1 0 1 0 7 5 4 4 1 0 1 1 0 0 C
C 6 11 10 13 1 0 1 0 1 0 7 5 3 5 1 0 1 1 0 0 C
T 5 11 11 13 1 0 1 0 1 0 7 4 4 5 1 0 1 1 0 0 C
T 5 12 10 13 1 0 1 0 1 0 7 3 5 5 1 0 1 1 0 0 C
C 5 12 10 13 1 0 1 0 1 0 7 3 5 5 1 0 1 1 0 0 C
A 5 11 11 13 1 0 1 0 1 0 6 3 6 5 1 0 1 1 0 0 C
C 6 11 11 12 1 0 1 0 1 0 7 3 5 5 1 0 1 1 0 0 C
A 6 11 11 12 1 0 1 0 1 0 7 3 5 5 1 0 1 1 0 0 C
C 7 11 11 11 1 0 1 0 1 0 8 3 4 5 1 0 1 1 0 0 C
A 7 11 12 10 1 0 1 0 1 0 7 3 4 6 1 0 1 1 0 0 C
T 8 10 12 10 0 0 1 0 1 0 8 2 4 6 1 0 1 1 0 0 C
G 8 10 12 10 0 0 1 0 1 0 9 2 4 5 1 0 0 1 0 0 C
T 8 9 12 11 0 0 2 0 1 0 10 1 4 5 0 0 0 1 0 0 C
G 8 10 11 11 1 0 2 0 1 0 10 2 4 4 0 0 0 1 0 0 C
G 7 10 11 12 1 0 2 0 1 0 10 2 4 4 0 0 1 1 0 0 C
A 7 10 10 13 1 0 2 0 1 0 10 2 4 4 0 0 1 1 1 0 C
G 8 9 10 13 1 0 2 0 1 0 10 2 5 3 0 0 1 1 1 0 C
A 7 9 10 14 1 0 2 0 1 0 9 2 6 3 0 0 1 1 1 0 C
T 8 8 10 14 1 0 2 0 1 0 10 1 6 3 0 0 1 1 1 0 C
A 8 9 10 13 1 0 1 0 1 0 9 2 6 3 0 0 1 1 1 0 C
A 9 9 10 12 1 0 1 0 1 0 8 2 7 3 0 0 1 0 1 0 C
G 9 9 10 12 1 0 1 1 1 0 9 2 7 2 0 0 1 0 1 0 C
C 9 8 10 13 1 0 1 1 1 0 9 3 6 2 0 0 1 0 1 0 C
C 9 8 10 13 1 0 1 1 1 0 10 3 5 2 0 0 1 0 1 0 C
C 9 7 11 13 1 0 1 1 1 0 10 4 4 2 0 0 1 0 1 0 C
C 9 7 12 12 1 0 1 1 1 0 11 4 3 2 0 0 1 0 1 0 C
A 8 7 13 12 1 0 1 1 0 0 10 5 3 2 0 0 1 0 1 0 C
A 9 7 13 11 1 0 1 1 0 0 9 5 3 3 0 0 2 0 1 0 C
A 10 7 13 10 1 0 1 1 0 0 8 6 3 3 1 0 2 0 1 0 C
G 10 7 13 10 1 0 1 1 0 0 8 6 3 3 1 0 2 0 1 0 C
A 10 7 12 11 1 0 1 1 0 0 7 6 3 4 1 0 2 0 1 0 C
A 11 6 12 11 1 0 1 1 0 0 7 6 3 4 1 0 2 0 1 0 C
A 12 6 11 11 1 0 1 1 0 0 7 6 3 4 1 0 2 0 1 0 C
T 13 6 10 11 1 0 1 1 0 0 7 5 3 5 1 0 2 0 1 0 C
G 13 7 9 11 1 0 1 1 0 0 7 5 4 4 1 0 1 0 1 0 C
A 13 6 9 12 1 0 2 1 0 0 6 5 5 4 1 0 1 0 0 0 C
C 14 6 9 11 1 0 2 1 1 0 6 6 4 4 1 0 1 0 0 0 C
C 14 6 10 10 1 0 2 1 1 0 6 6 4 4 1 0 1 0 0 0 C
A 14 6 11 9 1 0 2 1 1 0 5 7 4 4 1 0 1 0 0 0 C
T 15 6 10 9 1 0 2 1 1 0 5 6 4 5 1 0 1 0 0 0 C
C 15 7 10 8 1 0 2 1 1 0 5 6 3 6 1 0 1 0 0 0 C
A 15 7 11 7 1 0 2 1 1 0 5 6 3 6 1 0 1 0 0 0 C
T 16 7 10 7 1 0 2 1 1 0 6 5 3 6 1 0 1 0 0 0 C
A 16 7 10 7 1 0 2 1 1 0 6 5 3 6 1 0 1 0 0 0 C
T 17 6 10 7 1 0 2 1 1 0 7 4 3 6 1 0 1 0 0 0 C
A 17 7 9 7 1 0 2 1 1 0 6 5 3 6 1 0 1 0 0 0 C
T 17 7 9 7 1 0 2 1 1 0 6 4 4 6 1 0 1 0 0 0 C
G 17 8 8 7 1 0 2 1 1 0 7 4 4 5 1 0 0 0 0 0 C
T 16 8 8 8 1 0 3 1 1 0 7 3 5 5 0 0 0 0 0 0 C
G 16 9 7 8 2 0 3 1 1 0 7 4 5 4 0 0 0 0 0 0 C
G 15 9 7 9 2 0 3 1 1 0 7 4 6 3 0 0 0 0 0 0 C
A 15 8 7 10 2 0 3 1 1 0 6 5 6 3 0 0 0 0 0 0 C
A 16 8 7 9 2 0 2 1 1 0 5 6 6 3 0 0 0 0 0 0 C
G 17 7 7 9 1 0 2 1 1 0 5 7 6 2 0 0 0 0 0 0 C
C 17 7 7 9 1 0 2 1 1 0 6 7 5 2 0 0 0 0 0 0 C
C 17 7 8 8 1 0 2 1 1 0 7 7 4 2 0 0 0 1 0 0 C
T 16 7 9 8 1 0 2 1 1 0 7 6 4 3 0 0 0 1 0 0 C
C 16 8 9 7 1 0 2 1 1 0 8 6 3 3 0 0 0 1 0 0 C
T 15 8 10 7 1 0 2 1 1 0 8 5 4 3 0 0 0 1 0 0 C
G 15 8 10 7 1 0 2 1 1 0 8 5 5 2 0 0 0 1 0 0 C
G 14 8 10 8 1 0 2 1 1 0 9 5 5 1 0 0 0 1 0 0 C
A 13 8 10 9 1 0 2 0 1 0 8 5 5 2 0 0 0 1 0 0 C
A 14 8 10 8 1 0 2 0 1 0 7 5 6 2 0 0 0 1 0 0 C
A 15 8 9 8 1 0 2 0 1 0 6 5 7 2 0 0 0 1 0 0 C
A 16 8 8 8 1 0 2 0 1 0 5 6 7 2 0 0 0 1 0 0 C
T 17 8 7 8 1 0 2 0 1 0 5 5 8 2 0 0 0 1 0 0 C
C 17 9 6 8 1 0 2 0 1 0 5 5 8 2 0 0 0 1 0 0 C
A 16 9 7 8 1 0 2 0 1 0 4 5 9 2 0 0 0 1 0 0 C
C 16 9 7 8 1 0 2 0 1 0 5 5 8 2 0 0 0 1 0 0 C
T 15 9 8 8 1 0 2 0 1 0 6 4 8 2 0 0 0 1 0 0 C
C 15 10 8 7 1 0 2 0 1 0 6 4 7 3 0 0 0 1 0 0 C
T 14 10 9 7 1 0 2 0 1 0 6 3 7 4 0 0 0 1 0 0 C
T 13 11 9 7 1 0 2 0 1 0 7 2 7 4 0 0 0 1 0 0 C
T 12 12 9 7 1 0 2 0 1 0 7 1 7 5 0 0 0 1 0 0 C
A 12 12 9 7 1 0 2 0 1 0 7 1 7 5 0 0 0 1 0 0 C
A 13 12 9 6 1 0 1 0 1 0 6 1 8 5 0 0 0 0 0 0 C
G 13 12 9 6 1 0 1 1 0 0 6 1 9 4 0 0 0 0 0 0 C
A 13 12 8 7 1 0 1 1 0 0 5 1 10 4 0 0 0 0 0 0 C
C 14 12 7 7 1 0 1 1 0 0 6 1 9 4 0 0 0 0 0 0 C
C 13 12 8 7 1 0 1 1 0 0 6 1 8 5 0 0 0 0 0 0 C
A 13 11 9 7 1 0 1 1 0 0 6 1 8 5 0 0 0 0 0 0 C
G 14 11 8 7 1 0 1 1 0 0 6 1 9 4 0 0 0 0 0 0 C
C 13 11 8 8 1 0 1 1 0 0 6 1 9 4 0 0 0 0 0 0 C
C 13 10 9 8 1 0 1 1 0 0 6 1 9 4 0 0 0 0 0 0 C
T 12 10 10 8 1 0 1 1 0 0 6 1 9 4 0 0 0 0 0 0 C
C 12 10 10 8 1 0 1 1 0 0 6 1 8 5 0 0 0 0 0 0 C
C 11 10 11 8 1 0 1 1 0 0 7 1 7 5 0 0 0 0 1 0 C
C 11 9 12 8 1 0 1 1 0 0 8 1 6 5 0 0 0 0 1 0 C
A 11 9 13 7 1 0 0 1 0 0 7 1 7 5 0 0 0 0 1 0 C
A 12 8 13 7 0 0 0 1 0 0 7 1 7 5 0 0 0 0 1 0 C
G 13 8 13 6 0 0 0 1 0 0 7 1 8 4 0 0 0 0 1 0 C
G 13 8 13 6 0 0 0 1 0 0 7 1 9 3 0 0 0 0 1 0 C
A 12 8 13 7 0 0 0 1 0 0 7 1 9 3 0 0 0 0 1 0 C
G 12 8 13 7 0 0 0 1 0 0 7 1 10 2 0 0 0 0 1 0 C
A 12 8 13 7 0 0 0 1 0 0 6 1 10 3 0 0 0 0 1 0 C
C 13 8 12 7 0 0 0 1 0 0 7 1 9 3 0 0 0 0 1 0 C
C 13 8 12 7 0 0 0 1 0 0 7 1 8 4 0 0 0 0 1 0 C
C 13 7 13 7 0 0 0 1 0 0 8 1 7 4 0 0 0 0 1 0 C
A 13 7 13 7 0 0 0 1 0 0 7 1 7 5 0 0 0 0 1 0 C
G 14 6 13 7 0 0 0 1 0 0 7 2 7 4 1 0 0 0 1 0 C
A 14 6 13 7 0 0 0 1 0 0 6 2 8 4 1 0 0 0 1 0 C
C 15 6 13 6 0 0 0 1 0 0 6 2 8 4 1 0 0 0 1 0 C
C 14 6 14 6 0 0 0 1 0 0 6 3 7 4 1 0 0 0 1 0 C
C 13 6 15 6 0 0 0 1 0 0 6 3 6 5 1 0 0 0 1 0 C
T 12 6 16 6 0 0 0 1 0 0 6 2 7 5 1 0 0 0 1 0 C
G 11 7 16 6 0 0 0 1 0 0 6 3 7 4 1 0 0 0 1 0 C
A 11 6 16 7 0 0 0 1 0 0 5 4 7 4 1 0 0 0 0 0 C
A 12 6 15 7 0 0 0 1 1 0 4 4 7 5 1 0 0 0 0 0 N
C 12 6 15 7 0 0 0 1 1 0 4 5 6 5 2 0 0 0 0 0 N
A 12 6 15 7 0 0 0 1 1 0 3 5 7 5 2 0 0 0 0 0 N
C 13 5 15 7 0 0 0 1 1 0 3 5 7 5 2 0 0 0 0 0 N
C 13 5 15 7 0 0 0 1 1 0 3 5 6 6 2 0 0 0 0 0 N
A 13 4 16 7 0 0 0 1 1 0 2 5 7 6 2 0 0 0 0 0 N
C 14 3 16 7 0 0 0 1 1 0 2 6 6 6 2 0 0 0 0 0 N
G 14 2 17 7 0 0 0 1 1 0 3 6 6 5 2 0 0 0 0 0 N
A 13 2 17 8 0 0 0 1 1 0 3 6 6 5 2 0 0 1 0 0 N
G 13 2 17 8 0 0 0 0 1 0 3 6 7 4 2 0 0 1 0 0 N
A 13 2 17 8 0 0 0 0 1 0 2 6 7 5 2 0 0 1 0 0 N
G 13 2 17 8 0 0 0 0 1 0 2 6 7 5 2 0 0 1 0 0 N
T 13 2 16 9 0 0 0 0 1 0 2 5 7 6 1 0 0 1 0 0 N
C 13 3 15 9 1 0 0 0 1 0 2 6 6 6 2 0 0 1 0 0 N
C 12 3 16 9 1 0 0 0 1 0 2 6 5 7 2 0 0 1 0 0 N
T 12 3 17 8 1 0 0 0 1 0 2 6 5 7 3 0 0 1 0 0 N
G 12 4 16 8 1 0 0 0 1 0 2 6 5 7 3 0 0 1 0 0 N
C 12 4 15 9 1 0 0 0 1 0 3 6 4 7 3 0 0 1 1 0 N
T 12 3 16 9 1 0 0 0 1 0 3 5 4 8 3 0 0 1 1 0 N
T 12 4 15 9 1 0 0 0 1 0 3 4 4 9 3 0 0 1 1 0 N
G 12 5 14 9 1 0 0 0 1 0 3 4 4 9 3 0 0 1 1 0 N
T 12 5 13 10 1 0 0 0 1 0 4 3 4 9 2 0 0 1 1 0 N
C 11 6 13 10 2 0 0 0 1 0 4 3 3 10 2 0 0 1 1 0 N
C 10 6 14 10 2 0 0 0 1 0 4 3 2 11 2 0 0 1 1 0 N
G 10 6 15 9 2 0 0 0 1 0 5 3 2 10 2 0 0 1 1 0 N
C 10 6 15 9 2 0 0 0 1 0 5 3 1 11 2 0 0 1 1 0 N
T 9 6 16 9 2 0 0 0 1 0 5 2 1 12 2 0 0 1 1 0 N
A 9 7 16 8 2 0 0 0 1 0 4 2 2 12 2 0 0 1 1 0 N
A 9 7 16 8 2 0 0 0 1 0 3 2 2 13 2 0 0 0 1 0 N
C 10 7 15 8 2 0 0 1 1 0 3 3 1 13 3 0 0 0 1 0 N
G 10 7 15 8 2 0 0 1 1 0 3 3 2 12 3 0 0 0 1 0 N
G 10 7 14 9 2 0 0 1 1 0 3 4 2 11 3 0 0 0 1 0 N
G 9 7 14 10 2 0 0 1 1 0 3 4 2 11 3 0 0 0 1 0 N
T 9 7 14 10 2 0 0 1 1 0 3 3 3 11 2 0 0 0 1 0 N
G 8 8 14 10 3 0 0 1 1 0 4 3 3 10 2 0 0 0 1 0 N
T 8 8 13 11 3 0 0 1 1 0 4 2 3 11 1 0 0 0 1 0 N
G 8 9 12 11 4 0 0 1 1 0 4 2 3 11 1 0 0 0 1 0 N
A 8 9 11 12 4 0 0 1 1 0 3 2 4 11 1 0 0 0 0 0 N
G 9 8 11 12 4 0 0 1 2 0 3 2 4 11 1 0 0 0 0 0 N
G 9 8 11 12 4 0 0 1 2 0 3 3 4 10 2 0 0 0 0 0 N
G 8 8 11 13 4 0 0 1 1 0 3 3 4 10 2 0 0 0 0 0 N
A 7 8 11 14 4 0 0 1 1 0 2 3 4 11 2 0 0 0 0 0 N
G 8 8 10 14 4 0 0 1 1 0 2 4 4 10 3 0 0 0 0 0 N
G 7 8 10 15 4 0 0 1 1 0 2 4 4 10 3 0 0 0 0 0 N
A 7 8 9 16 4 0 0 1 1 0 1 4 4 11 3 0 0 0 0 0 N
G 8 8 8 16 4 0 0 1 1 0 1 4 4 11 3 0 0 0 0 0 N
G 7 8 8 17 4 0 0 1 1 0 1 5 4 10 4 0 0 0 0 0 N
C 7 8 7 18 4 0 0 1 1 0 1 5 3 11 4 0 0 0 0 0 N
G 7 8 8 17 4 0 0 1 1 0 1 5 3 11 4 0 0 0 0 0 N
T 6 8 8 18 4 0 0 1 1 0 1 4 3 12 3 0 0 0 0 0 N
C 6 9 8 17 5 0 0 1 1 0 1 4 3 12 3 0 0 0 0 0 N
T 5 9 9 17 5 0 0 1 1 0 1 3 4 12 3 0 0 0 0 0 N
G 5 10 9 16 5 0 0 1 1 0 1 3 5 11 3 0 0 0 0 0 N
C 5 9 9 17 4 0 0 1 1 0 1 4 4 11 3 0 0 0 0 0 N
A 5 9 9 17 4 0 0 1 1 0 0 4 4 12 3 0 0 0 0 0 N
G 6 9 8 17 4 0 0 1 1 0 0 5 4 11 4 0 0 0 0 0 N
G 6 8 8 18 4 0 0 1 1 0 0 5 4 11 4 0 0 0 0 0 N
C 6 8 8 18 4 0 0 1 1 0 1 5 3 11 4 0 0 0 1 0 N
G 6 8 8 18 4 0 0 1 1 0 1 5 3 11 4 0 0 0 1 0 N
T 6 7 8 19 4 0 0 1 1 0 1 4 3 12 3 0 0 0 1 0 N
G 6 7 8 19 5 0 0 1 1 0 2 4 3 11 3 0 0 0 1 0 N
G 6 7 8 19 5 0 0 1 1 0 2 4 4 10 3 0 0 0 1 0 N
T 6 6 8 20 4 0 0 1 1 0 2 3 5 10 2 0 0 0 1 0 N
G 6 7 7 20 5 0 0 1 1 0 2 4 5 9 2 0 0 0 1 0 N
G 6 7 6 21 5 0 0 1 1 0 2 4 6 8 2 0 0 0 1 0 N
G 6 7 6 21 5 0 0 1 1 0 3 4 6 7 2 0 0 0 1 0 N
T 6 7 5 22 5 0 0 1 1 0 3 3 7 7 1 0 0 0 1 0 N
G 6 7 5 22 6 0 0 1 1 0 3 4 7 6 1 0 0 0 1 0 N
G 5 7 5 23 6 0 0 1 1 0 3 4 8 5 1 0 0 0 1 0 N
G 4 7 5 24 6 0 0 0 1 0 4 4 8 4 1 0 0 0 1 0 N
C 4 7 4 25 6 0 0 0 1 0 4 4 8 4 1 0 0 0 1 0 N
C 4 7 5 24 6 0 0 0 1 0 4 4 7 5 1 0 0 0 1 0 N
C 4 7 6 23 6 0 0 0 1 0 4 4 6 6 1 0 0 0 1 0 N
T 4 7 7 22 6 0 0 0 1 0 4 3 7 6 1 0 0 0 1 0 N
G 4 7 7 22 5 0 0 0 1 0 5 3 7 5 1 0 0 0 1 0 N
T 4 7 7 22 5 0 0 0 1 0 5 2 7 6 0 0 0 0 1 0 N
G 4 7 7 22 5 0 0 0 1 0 5 2 8 5 0 0 0 0 1 0 N
A 4 7 7 22 5 0 0 0 1 0 4 3 8 5 0 0 0 0 0 0 N
G 4 7 7 22 5 0 0 0 1 0 4 4 8 4 0 0 0 0 0 0 N
G 4 7 7 22 5 0 0 0 1 0 4 4 8 4 0 0 0 0 0 0 N
A 4 7 7 22 5 0 0 0 1 0 3 4 9 4 0 0 0 0 0 0 N
C 5 7 7 21 5 0 0 0 1 0 3 5 8 4 0 0 0 0 0 0 N
C 4 7 8 21 5 0 0 0 1 0 3 5 8 4 0 0 0 0 0 0 N
T 4 7 9 20 5 0 0 0 1 0 4 4 8 4 0 0 0 0 0 0 N
C 4 8 9 19 5 0 0 0 1 0 4 4 8 4 0 0 0 0 0 0 N
A 3 8 10 19 5 0 0 0 1 0 3 4 9 4 0 0 0 0 0 0 N
C 4 8 10 18 5 0 0 0 1 0 3 4 9 4 0 0 0 0 0 0 N
T 4 8 11 17 5 0 0 0 1 0 3 3 10 4 0 0 0 0 0 0 N
C 4 9 10 17 5 0 0 0 1 0 3 4 9 4 0 0 0 0 0 0 N
A 4 9 11 16 5 0 0 0 1 0 2 5 9 4 0 0 0 0 0 0 N
C 5 8 11 16 4 0 0 0 1 0 2 6 8 4 0 0 0 0 0 0 N
G 5 8 11 16 4 0 0 0 1 0 2 7 8 3 0 0 0 0 0 0 N
G 5 7 11 17 4 0 0 0 1 0 3 7 8 2 0 0 0 0 0 0 N
C 5 7 11 17 4 0 0 0 1 0 3 7 7 3 0 0 0 0 0 1 N
A 5 7 11 17 4 0 0 0 1 0 2 7 7 4 0 0 0 0 0 1 N
G 5 7 11 17 4 0 0 0 1 0 2 7 7 4 0 0 0 0 0 1 N
C 5 7 11 17 4 0 0 0 1 0 2 8 6 4 1 0 0 0 0 1 N
T 5 7 12 16 4 0 0 0 1 0 3 7 6 4 1 0 0 0 0 1 N
T 5 8 11 16 4 0 0 0 1 0 3 6 6 5 1 0 0 0 0 2 N
G 5 9 11 15 4 0 0 0 1 0 4 6 6 4 1 0 0 0 0 2 N
C 5 8 11 16 3 0 0 0 1 0 4 6 5 5 1 0 0 0 0 2 N
T 5 8 12 15 3 0 0 0 1 0 4 5 6 5 1 0 0 0 0 2 N
C 5 9 12 14 3 0 0 0 1 0 4 6 5 5 1 0 0 0 0 2 N
A 5 8 13 14 2 0 0 0 1 0 3 7 5 5 1 0 0 0 0 2 N
C 6 8 13 13 2 0 0 0 1 0 3 8 4 5 1 0 0 0 0 2 N
C 6 8 14 12 2 0 0 0 1 0 3 8 4 5 1 0 0 0 0 2 N
C 6 8 15 11 2 0 0 0 1 0 3 9 3 5 1 0 0 0 0 2 N
C 6 7 16 11 1 0 0 0 1 0 3 10 2 5 1 0 0 0 0 2 N
T 6 7 17 10 1 0 0 0 1 0 3 9 2 6 1 0 0 0 0 2 N
T 6 8 17 9 1 0 0 0 1 0 3 8 2 7 1 0 0 0 0 2 N
T 6 9 17 8 1 0 0 0 1 0 3 7 2 8 1 0 0 0 0 2 N
T 6 10 16 8 1 0 0 0 1 0 4 6 2 8 1 0 0 0 0 2 N
A 6 11 15 8 1 0 0 0 1 0 4 6 2 8 1 0 0 0 0 2 N
G 7 11 14 8 1 0 0 0 1 0 4 6 3 7 1 0 0 0 0 1 N
G 7 10 14 9 1 0 0 0 1 1 4 6 3 7 1 0 0 0 0 1 N
G 7 10 14 9 1 0 0 0 1 1 4 6 3 7 1 0 0 0 0 1 N
T 7 9 14 10 0 0 0 0 1 1 4 5 3 8 0 0 0 0 0 1 N
A 7 10 14 9 1 0 0 0 1 1 3 5 4 8 0 0 0 0 0 1 N
G 7 10 14 9 1 0 0 0 0 1 3 6 4 7 0 0 0 0 0 0 N
A 7 10 14 9 1 0 0 0 0 2 2 7 4 7 0 0 0 0 0 0 N
G 8 10 14 8 1 0 0 0 0 2 2 8 4 6 0 0 0 0 0 0 N
C 7 10 14 9 1 0 0 0 0 2 2 8 4 6 0 0 0 0 0 0 N
T 7 10 14 9 1 0 0 0 0 2 2 7 5 6 0 0 0 0 0 0 N
T 7 11 13 9 1 0 0 0 0 2 2 7 5 6 0 0 0 0 0 0 N
T 7 11 13 9 1 0 0 0 0 2 2 7 5 6 0 0 0 0 0 0 N
C 7 12 12 9 1 0 0 0 0 2 2 8 4 6 0 0 0 0 0 0 N
T 6 12 13 9 1 0 0 0 0 2 2 7 5 6 0 0 0 0 0 0 N
T 6 13 12 9 1 0 0 0 0 2 3 6 5 6 0 0 0 0 0 0 N
G 6 13 12 9 1 0 0 0 0 2 3 6 5 6 0 0 0 0 0 0 N
G 6 13 11 10 1 0 0 0 0 2 3 7 5 5 1 0 0 0 0 0 N
G 5 13 11 11 1 0 0 0 0 2 3 7 6 4 1 0 0 0 0 0 N
A 5 13 10 12 1 0 0 0 0 2 3 7 6 4 1 0 0 0 0 0 N
A 6 13 10 11 1 0 0 0 0 2 3 7 6 4 1 0 0 0 0 0 N
C 7 13 10 10 1 0 0 0 0 2 3 7 5 5 1 0 0 0 0 0 N
G 7 13 10 10 1 0 0 0 0 2 3 8 5 4 2 0 0 0 0 0 N
G 6 13 10 11 1 0 0 0 0 2 3 8 6 3 2 0 0 0 0 0 N
G 6 13 10 11 1 0 0 0 0 2 3 9 6 2 2 0 0 0 0 0 N
C 6 13 9 12 1 0 0 0 0 2 3 10 5 2 2 0 0 0 0 0 N
T 6 12 10 12 1 0 0 0 0 2 4 9 5 2 2 0 0 0 0 0 N
T 6 12 10 12 1 0 0 0 0 2 4 8 6 2 2 0 0 0 0 0 N
T 6 13 10 11 1 0 0 0 0 2 4 8 6 2 2 0 0 0 0 0 N
C 6 14 9 11 1 0 0 0 0 2 4 8 5 3 2 0 0 0 0 0 N
C 6 13 10 11 1 0 0 0 0 2 4 9 4 3 3 0 0 0 0 0 N
T 6 13 10 11 1 0 0 0 0 2 4 8 5 3 3 0 0 0 0 0 N
T 5 14 10 11 1 0 0 0 0 2 5 7 5 3 3 0 0 0 0 0 N
T 5 15 9 11 1 0 0 0 0 2 5 6 6 3 3 0 0 0 0 0 N
C 5 16 8 11 1 0 0 0 0 2 5 7 5 3 3 0 0 0 0 0 N
A 5 16 8 11 1 0 0 0 0 2 4 7 5 4 3 0 0 0 0 0 N
G 6 16 7 11 1 0 0 0 0 2 4 7 6 3 3 0 0 0 0 0 N
T 6 15 7 12 1 0 0 0 0 2 4 7 6 3 2 0 0 0 0 0 N
C 6 15 7 12 2 0 0 0 0 2 5 7 5 3 2 0 0 0 0 0 N
A 6 14 8 12 2 0 0 0 0 2 4 8 5 3 2 0 0 0 0 0 N
A 7 13 8 12 2 0 0 0 0 2 3 9 5 3 2 0 0 0 0 0 N
G 7 13 8 12 2 0 0 0 0 2 3 9 6 2 2 0 0 0 0 0 N
T 7 13 8 12 2 0 0 0 0 1 4 8 6 2 1 0 0 0 0 0 N
C 7 14 8 11 3 0 0 0 0 1 5 8 5 2 1 0 0 0 0 0 N
T 7 14 9 10 3 0 0 0 0 1 5 8 5 2 1 0 0 0 0 0 N
T 7 14 9 10 2 0 0 0 0 1 6 7 5 2 1 0 0 0 0 0 N
A 6 15 9 10 2 0 0 0 0 1 6 7 5 2 1 0 0 1 0 0 N
C 7 15 9 9 2 0 0 0 0 0 7 7 4 2 1 0 0 1 0 0 N
T 6 15 10 9 2 0 0 0 0 0 8 6 4 2 1 0 0 1 0 0 N
G 6 16 10 8 2 0 0 0 0 0 8 6 5 1 1 0 0 1 0 0 N
T 6 16 9 9 2 0 0 0 0 0 9 5 5 1 0 0 0 1 0 0 N
C 6 16 9 9 3 0 0 0 0 0 10 5 4 1 0 0 0 1 0 0 N
A 6 15 10 9 3 0 0 0 0 0 9 6 4 1 0 0 0 1 0 0 N
C 7 14 10 9 3 0 0 0 0 0 9 6 3 2 0 0 1 1 0 0 N
T 7 14 10 9 3 0 0 0 0 0 9 5 4 2 0 0 1 1 0 0 N
G 7 14 10 9 3 0 0 0 0 0 9 6 4 1 0 0 1 1 0 0 N
C 7 13 10 10 3 0 0 0 0 0 9 7 3 1 0 0 1 1 0 0 N
T 7 13 11 9 3 0 0 0 0 0 9 7 3 1 0 0 1 1 0 0 N
A 7 14 11 8 3 0 0 0 0 0 8 7 3 2 0 0 1 1 0 0 N
T 8 14 11 7 3 0 0 0 0 0 8 7 3 2 1 0 1 1 0 0 N
T 7 15 11 7 3 0 0 0 0 0 8 6 4 2 1 0 1 1 0 0 N
C 6 16 11 7 3 0 0 0 0 0 8 7 3 2 1 0 1 1 0 0 N
A 6 16 11 7 3 0 0 0 0 0 7 7 4 2 1 0 1 1 0 0 N
A 7 16 11 6 3 0 0 0 0 0 6 7 5 2 1 0 1 1 0 0 N
T 8 16 11 5 3 0 0 0 0 0 7 6 5 2 1 0 1 1 0 0 N
A 8 17 11 4 3 0 0 0 0 0 6 6 5 3 1 0 1 1 0 0 N
A 9 17 10 4 3 0 0 0 0 0 6 6 5 3 1 0 1 0 0 0 N
A 10 16 10 4 3 0 0 1 0 0 6 6 5 3 1 0 1 0 0 0 N
A 11 15 10 4 3 0 0 1 0 0 5 6 5 3 1 0 1 0 0 0 N
C 12 14 10 4 3 0 0 1 0 0 5 6 4 3 1 0 1 0 0 0 N
A 12 14 10 4 3 0 0 1 0 0 4 6 4 3 1 0 1 0 0 0 N
A 13 14 9 4 3 0 0 1 0 0 3 6 4 3 1 0 1 0 0 0 N
T 14 13 9 4 3 0 0 1 0 0 3 5 4 3 1 0 1 0 0 0 N
G 14 13 9 4 3 0 0 1 0 0 3 5 4 2 1 0 0 0 0 0 N
C 14 12 9 5 3 0 1 1 0 0 3 5 3 2 1 0 0 0 0 0 N
T 14 12 9 5 3 0 1 1 0 0 3 4 3 2 1 0 0 0 0 0 N
T 13 13 9 5 3 0 1 1 0 0 3 3 3 2 1 0 0 0 0 0 N
T 13 14 9 4 3 0 1 1 0 0 3 2 3 2 1 0 0 0 0 0 N
G 13 14 9 4 2 0 1 1 0 0 3 2 3 1 1 0 0 0 0 0 N
T 13 14 8 5 2 0 1 1 0 0 3 1 3 1 0 0 0 0 0 0 N
C 12 15 8 5 3 0 1 1 0 0 3 1 2 1 0 0 0 0 0 0 N
T 11 15 9 5 3 0 1 1 0 0 3 0 2 1 0 0 0 0 0 0 N
C 11 16 9 4 3 0 1 1 0 0 3 0 1 1 0 0 0 0 0 0 N
C 11 15 10 4 2 0 1 1 0 0 3 0 0 1 0 0 0 0 0 0 N
A 11 15 10 4 2 0 1 1 0 0 2 0 0 1 0 0 0 0 0 0 N
G 12 14 10 4 2 0 1 1 0 0 2 0 0 0 0 0 0 0 0 0 N
A 12 13 10 5 2 0 1 1 0 0 1 0 0 0 0 0 0 0 0 0 N
A 12 13 10 5 2 0 1 1 0 0 0 0 0 0 0 0 0 0 0 0 N

