A 0 0 0 0 0 0 0 0 0 0 4 4 7 5 2 0 1 0 0 0 N
T 1 0 0 0 0 0 0 0 1 0 4 3 7 6 2 0 1 0 0 0 N
G 1 1 0 0 0 0 0 0 1 0 4 3 8 5 2 0 0 0 0 0 N
T 1 1 0 1 0 0 1 0 1 0 5 2 8 5 1 0 0 0 0 0 N
C 1 2 0 1 1 0 1 0 1 0 5 2 7 6 1 0 0 0 0 0 N
C 1 2 1 1 1 0 1 0 1 0 5 3 6 6 2 0 0 0 0 0 N
A 1 2 2 1 1 0 1 0 1 0 4 3 6 7 2 0 0 0 0 0 N
C 2 2 2 1 1 0 1 0 1 0 4 3 6 7 2 0 0 0 0 0 N
G 2 2 3 1 1 0 1 0 1 0 4 3 6 7 2 0 0 0 0 0 N
G 2 2 3 2 1 0 1 0 1 0 4 3 7 6 2 0 0 0 0 0 N
T 2 2 3 3 1 0 1 0 1 0 5 2 7 6 1 0 0 0 0 0 N
C 2 3 3 3 2 0 1 0 1 0 5 3 6 6 1 0 0 0 0 0 N
A 2 3 4 3 2 0 1 0 1 0 4 3 6 7 1 0 1 0 0 0 N
G 3 3 4 3 2 0 1 0 1 0 4 3 7 6 1 0 1 0 0 0 N
A 3 3 4 4 2 0 1 0 1 0 3 3 7 7 1 0 1 0 0 0 N
A 4 3 4 4 2 0 1 0 1 0 2 3 8 7 1 0 1 0 0 0 N
C 5 3 4 4 2 0 1 0 1 0 2 3 8 7 1 0 1 0 0 0 N
C 5 3 5 4 2 0 1 0 1 0 2 4 7 7 1 0 1 0 0 0 N
C 5 3 6 4 2 0 1 0 1 0 2 4 7 7 1 0 1 0 0 0 N
T 5 3 7 4 2 0 1 0 1 0 2 3 7 8 1 0 1 0 0 0 N
G 5 4 7 4 2 0 1 0 1 0 2 4 7 7 2 0 1 0 0 0 N
G 5 4 7 5 2 0 1 0 1 0 2 4 8 6 2 0 1 0 0 0 N
C 5 4 7 6 2 0 1 0 1 0 2 4 8 6 2 0 1 0 0 0 N
A 5 4 8 6 2 0 1 0 1 0 1 4 9 6 2 0 1 0 0 0 N
G 6 4 8 6 2 0 1 0 1 0 1 4 9 6 2 0 1 0 0 0 N
T 6 4 8 7 2 0 1 0 1 0 2 3 9 6 1 0 1 0 0 0 N
G 6 5 8 7 3 0 1 0 1 0 2 3 10 5 1 0 1 0 0 0 N
C 6 5 8 8 3 0 1 0 1 0 2 3 9 6 1 0 1 0 0 0 N
G 6 5 9 8 3 0 1 0 1 0 2 3 10 5 1 0 1 0 0 0 N
C 6 5 9 9 3 0 1 0 1 0 2 3 9 6 1 0 1 0 0 0 N
A 6 5 10 9 3 0 1 0 1 0 1 3 9 7 1 0 1 0 0 0 N
T 7 5 10 9 3 0 1 0 1 0 1 3 9 7 2 0 1 0 0 0 N
G 7 6 10 9 3 0 1 0 1 0 1 4 9 6 2 0 0 0 0 0 N
C 7 6 10 10 3 0 2 0 1 0 1 5 8 6 2 0 0 0 0 0 N
G 7 6 11 10 3 0 2 0 1 0 1 5 9 5 2 0 0 0 0 0 N
C 7 6 11 11 3 0 2 0 1 0 1 6 8 5 2 0 0 0 0 0 N
C 7 6 12 11 3 0 2 0 1 0 1 6 7 6 2 0 0 0 0 0 N
T 7 6 13 11 3 0 2 0 1 0 1 5 7 7 2 0 0 0 0 0 N
C 7 7 13 11 3 0 2 0 1 0 1 5 6 8 2 0 0 0 0 0 N
G 7 7 14 11 3 0 2 0 1 0 1 5 7 7 2 0 0 0 0 0 N
T 7 7 14 12 3 0 2 0 1 0 1 4 7 8 1 0 0 0 0 0 N
C 6 8 14 12 4 0 2 0 0 0 1 4 7 8 1 0 0 0 0 0 N
C 6 7 15 12 4 0 2 0 0 0 1 4 7 8 1 0 0 0 0 0 N
C 6 7 16 11 4 0 1 0 0 0 2 4 6 8 1 0 0 0 0 0 N
G 6 6 17 11 3 0 1 0 0 0 2 4 6 8 1 0 0 0 0 0 N
A 6 6 16 12 3 0 1 0 0 0 1 4 6 9 1 0 0 0 0 0 N
C 7 6 15 12 3 0 1 0 0 0 1 4 5 10 1 0 0 0 0 0 N
G 6 6 16 12 3 0 1 0 0 0 1 5 5 9 2 0 0 0 0 0 N
C 6 6 15 13 3 0 1 0 0 0 1 5 5 9 2 0 0 0 0 0 N
G 6 6 16 12 3 0 1 0 0 0 1 6 5 8 2 0 0 0 0 0 N
G 6 6 16 12 3 0 1 0 0 0 1 6 5 8 2 0 0 0 0 0 N
T 6 5 16 13 2 0 1 0 0 0 1 5 6 8 1 0 0 0 0 0 N
T 6 6 15 13 3 0 1 0 0 0 2 4 6 8 1 0 0 0 0 0 N
T 5 7 15 13 3 0 1 0 0 0 2 3 7 8 1 0 0 0 0 0 N
C 5 8 15 12 3 0 1 0 0 0 2 3 7 8 1 0 0 0 0 0 N
T 4 8 16 12 3 0 1 0 0 0 2 2 7 9 1 0 0 0 0 0 N
G 3 9 16 12 3 0 1 0 0 0 3 2 7 8 1 0 0 0 0 0 N
G 3 9 15 13 3 0 1 0 0 0 4 2 7 7 1 0 0 0 0 0 N
G 3 9 14 14 3 0 1 0 0 0 5 2 7 6 1 0 0 0 0 0 N
C 3 9 13 15 3 0 1 0 0 0 5 2 7 6 1 0 0 0 0 0 N
G 3 8 14 15 3 0 1 0 0 0 6 2 7 5 1 0 0 0 0 0 N
C 3 8 14 15 3 0 1 0 0 0 6 3 6 5 1 0 0 0 0 0 N
C 3 8 15 14 3 0 1 0 0 0 6 3 5 6 1 0 1 0 0 0 N
A 3 8 15 14 3 0 1 0 0 0 5 3 5 7 1 0 1 0 0 0 N
G 3 8 15 14 3 0 1 0 0 0 5 3 6 6 1 0 1 0 0 0 N
G 3 8 15 14 3 0 1 0 0 0 6 3 6 5 1 0 1 0 0 0 N
G 3 7 15 15 2 0 1 0 0 0 6 3 6 5 1 0 1 0 0 0 N
T 3 7 15 15 2 0 1 0 0 0 7 2 6 5 0 0 1 0 0 0 N
C 3 8 14 15 3 0 1 0 0 0 7 2 5 6 0 0 1 0 0 0 N
T 3 8 15 14 3 0 1 0 0 0 7 1 5 7 0 0 1 0 0 0 N
G 3 9 14 14 3 0 1 0 0 0 7 2 5 6 1 0 1 0 0 0 N
C 2 9 14 15 3 0 1 0 0 0 7 3 4 6 1 0 1 0 0 0 N
A 2 8 15 15 3 0 1 0 0 0 6 3 4 7 1 0 1 0 0 0 N
C 3 8 15 14 3 0 0 0 0 0 6 3 3 8 1 0 1 0 0 0 N
C 3 8 15 14 3 0 0 0 0 0 6 3 2 9 1 0 1 0 0 0 N
G 3 8 16 13 3 0 0 0 0 0 6 4 2 8 2 0 1 0 0 0 N
A 3 8 15 14 3 0 0 0 0 0 5 4 3 8 2 0 1 0 0 0 N
A 4 8 14 14 3 0 0 0 0 0 4 4 4 8 2 0 1 0 0 0 N
A 5 7 14 14 3 0 0 0 0 0 4 4 4 8 2 0 1 0 0 0 N
C 6 7 13 14 3 0 0 0 0 0 5 4 3 8 2 0 1 0 0 0 N
A 6 7 14 13 3 0 0 0 0 0 4 4 3 9 2 0 1 0 0 0 C
T 7 6 14 13 2 0 0 0 0 0 4 4 3 9 3 0 1 0 0 0 C
G 7 7 13 13 2 0 0 0 0 0 4 4 4 8 3 0 0 0 0 0 C
G 7 7 12 14 2 0 1 0 0 0 5 4 4 7 3 0 0 0 0 0 C
C 7 7 11 15 2 0 1 0 0 0 5 4 3 8 3 0 0 0 0 0 C
A 7 7 12 14 2 0 1 0 0 0 4 5 3 8 4 0 0 0 0 0 C
G 7 7 12 14 2 0 1 0 0 0 4 5 3 8 4 0 0 0 0 0 C
A 7 7 11 15 2 0 1 0 0 0 3 5 4 8 4 0 0 0 0 0 C
G 8 7 11 14 2 0 1 0 0 0 3 6 4 7 4 0 0 0 0 0 C
G 8 7 10 15 2 0 1 0 0 0 3 6 4 7 4 0 0 0 0 0 C
T 8 7 10 15 2 0 1 0 0 0 3 6 4 7 4 0 0 0 0 0 C
T 8 8 10 14 3 0 1 0 0 0 3 6 4 7 4 0 0 0 0 0 C
G 8 8 10 14 2 0 1 0 0 0 3 6 5 6 4 0 0 0 0 0 C
G 8 7 10 15 2 0 1 0 0 0 3 6 5 6 4 0 0 0 0 0 C
G 8 6 10 16 2 0 1 0 0 0 3 7 5 5 5 0 0 0 0 0 C
T 8 6 9 17 2 0 1 0 0 0 3 6 5 6 4 0 0 0 0 0 C
C 8 6 9 17 3 0 1 0 0 0 3 7 4 6 5 0 0 0 0 0 C
C 8 6 10 16 3 0 1 0 0 0 3 7 3 7 5 0 0 0 0 0 C
A 8 6 11 15 3 0 1 0 0 0 2 8 3 7 6 0 0 0 0 0 C
A 9 6 11 14 3 0 1 0 0 0 1 8 4 7 6 0 0 0 0 0 C
G 10 6 10 14 3 0 1 0 0 0 1 9 4 6 6 0 0 0 0 0 C
T 10 6 10 14 3 0 1 0 0 0 1 8 5 6 5 0 0 0 0 0 C
C 10 7 9 14 4 0 1 0 0 0 1 8 4 7 5 0 0 0 0 0 C
A 10 7 9 14 4 0 1 0 0 0 0 8 4 8 5 0 0 0 0 0 C
G 10 7 9 14 4 0 1 0 0 0 0 9 4 7 6 0 0 0 0 0 C
T 10 7 9 14 4 0 1 0 0 0 1 8 4 7 5 0 0 0 0 0 C
G 10 8 9 13 5 0 1 0 0 0 2 8 4 6 5 0 0 1 0 0 C
C 10 8 9 13 5 0 1 0 0 0 2 8 3 7 5 0 0 1 0 0 C
T 10 7 10 13 4 0 1 0 0 0 2 7 3 8 5 0 0 1 0 0 C
G 10 8 9 13 4 0 1 0 0 0 3 7 3 7 5 0 0 1 0 0 C
T 10 7 9 14 4 0 1 0 0 0 3 6 4 7 4 0 0 1 0 0 C
T 10 8 9 13 5 0 1 0 0 0 3 6 4 7 4 0 0 1 0 0 C
C 10 9 8 13 5 0 1 0 0 0 3 6 4 7 4 0 0 1 0 0 C
G 9 9 9 13 5 0 1 0 0 0 3 6 4 7 4 0 0 1 0 0 C
T 9 9 8 14 5 0 1 0 0 0 3 5 5 7 3 0 0 1 0 0 C
G 9 10 7 14 6 0 1 0 0 0 3 5 6 6 3 0 0 1 0 0 C
T 9 10 7 14 6 0 1 0 0 0 3 4 6 7 2 0 0 1 0 0 C
G 8 11 7 14 7 0 1 0 0 0 4 4 6 6 2 0 0 1 0 0 C
T 7 11 7 15 7 0 1 0 0 0 4 3 7 6 1 0 0 1 0 0 C
C 6 12 7 15 8 0 1 0 0 0 4 4 6 6 1 0 0 1 0 0 C
T 6 12 7 15 8 0 1 0 0 0 4 4 6 6 1 0 0 1 0 0 C
C 5 13 7 15 8 0 1 0 0 0 5 4 5 6 1 0 0 1 0 0 C
G 5 12 8 15 8 0 1 0 0 0 6 4 5 5 1 0 0 2 0 0 C
G 5 12 8 15 8 0 0 0 0 0 6 4 5 5 1 0 0 2 0 0 N
T 5 12 8 15 8 0 0 0 0 0 6 3 5 6 0 0 0 2 0 0 N
A 5 13 7 15 9 0 0 0 0 0 5 3 5 7 0 0 0 2 0 0 N
A 5 13 7 15 9 0 0 0 0 0 4 4 5 7 1 0 0 1 0 0 N
G 6 13 7 14 9 0 0 1 0 0 4 4 6 6 1 0 0 1 0 0 N
G 5 13 7 15 9 0 0 1 0 0 4 5 6 5 1 0 0 1 0 0 N
A 5 13 7 15 9 0 0 1 0 0 3 6 6 5 1 0 0 1 0 0 N
C 6 13 7 14 9 0 0 1 0 0 3 7 5 5 1 0 0 1 0 0 N
T 6 12 8 14 8 0 0 1 0 0 3 7 5 5 1 0 0 1 0 0 N
C 6 12 8 14 8 0 0 1 0 0 3 8 4 5 1 0 0 1 0 0 N
G 6 12 9 13 8 0 0 1 0 0 3 8 5 4 1 0 0 1 0 0 N
C 6 12 9 13 8 0 0 1 0 0 3 9 4 4 1 0 0 1 0 0 N
C 6 12 10 12 8 0 0 1 0 0 3 10 3 4 1 0 0 1 0 0 N
G 6 11 11 12 7 0 0 1 0 0 3 11 3 3 1 0 0 1 0 0 N
A 6 11 10 13 7 0 0 1 0 0 2 11 3 4 1 0 0 1 0 0 N
C 7 11 9 13 7 0 0 1 0 0 2 11 2 5 1 0 0 1 0 0 N
T 6 11 10 13 7 0 0 1 0 0 2 10 2 6 1 0 0 1 0 0 N
T 5 12 10 13 7 0 0 1 0 0 3 9 2 6 1 0 0 1 0 0 N
A 5 13 10 12 7 0 0 1 0 0 2 9 3 6 1 0 0 1 0 0 N
A 6 12 10 12 6 0 0 1 0 0 1 9 4 6 1 0 0 0 0 0 N
G 7 12 9 12 6 0 0 2 0 0 1 9 5 5 1 0 0 0 0 0 N
G 6 12 9 13 6 0 0 2 0 0 1 10 5 4 1 0 0 0 0 0 N
G 6 12 9 13 6 0 0 2 0 0 1 10 5 4 1 0 0 0 0 0 N
T 6 11 9 14 5 0 0 2 0 0 2 9 5 4 0 0 0 0 1 0 N
C 6 12 9 13 6 0 0 2 0 0 3 9 4 4 0 0 0 0 1 0 N
T 6 12 9 13 6 0 0 2 0 0 3 8 4 5 0 0 0 0 1 0 N
T 6 12 9 13 6 0 0 2 0 0 3 8 4 5 1 0 0 0 1 0 N
T 6 13 9 12 6 0 0 2 0 0 3 7 4 6 1 0 0 0 1 0 N
T 6 13 9 12 5 0 0 2 0 0 3 6 5 6 1 0 0 0 1 0 N
T 6 13 9 12 5 0 0 2 0 0 3 6 5 6 1 0 0 0 1 0 N
C 6 14 8 12 5 0 0 2 0 0 3 6 5 6 1 0 0 0 1 0 N
T 6 14 9 11 5 0 0 2 0 0 3 6 5 6 1 0 0 0 1 0 N
T 6 14 9 11 4 0 0 2 0 0 3 5 6 6 1 0 0 0 1 0 N
T 6 15 9 10 4 0 0 2 0 0 3 4 7 6 1 0 0 0 1 0 N
G 6 15 9 10 3 0 0 2 0 0 3 4 8 5 1 0 0 0 1 0 N
G 6 15 9 10 3 0 0 2 0 0 3 5 8 4 1 0 0 0 1 0 N
G 6 14 9 11 2 0 0 2 0 0 3 5 8 4 1 0 0 0 1 0 N
A 6 14 8 12 2 0 0 2 0 0 2 6 8 4 2 0 0 0 1 0 N
C 7 13 8 12 2 0 0 2 0 0 2 7 7 4 2 0 0 0 1 0 N
C 7 13 8 12 2 0 0 2 0 0 3 7 6 4 2 0 0 0 1 0 N
C 7 13 9 11 2 0 0 2 0 0 3 7 5 5 2 0 0 0 1 1 N
T 7 13 10 10 2 0 0 2 0 0 3 6 5 6 2 0 0 0 1 1 N
G 7 13 10 10 1 0 0 2 0 0 3 6 6 5 2 0 0 0 1 1 N
A 6 13 10 11 1 0 0 2 0 0 2 7 6 5 2 0 0 0 0 1 N
A 6 13 10 11 1 0 0 1 1 0 1 8 6 5 2 0 0 0 0 1 N
G 7 13 10 10 1 0 0 1 1 0 1 8 7 4 2 0 0 0 0 1 N
T 7 13 10 10 1 0 0 1 1 0 1 7 8 4 1 0 0 0 0 1 N
G 6 14 10 10 2 0 0 1 1 0 1 7 8 4 1 0 0 0 0 1 N
C 6 14 9 11 2 0 0 1 1 0 2 7 7 4 1 0 0 0 0 1 N
T 6 13 10 11 2 0 0 1 1 0 3 6 7 4 1 0 0 0 0 1 N
C 6 14 9 11 2 0 0 1 1 0 3 6 7 4 1 0 0 0 0 1 N
T 6 14 10 10 2 0 0 1 1 0 4 5 7 4 1 0 0 0 0 1 N
C 6 15 9 10 2 0 0 1 1 0 5 5 6 4 1 0 0 0 0 1 N
C 6 15 9 10 2 0 0 1 1 0 5 5 5 5 1 0 0 0 0 1 N
C 6 15 10 9 2 0 0 1 1 0 6 5 4 5 1 0 0 0 0 1 N
T 5 15 11 9 2 0 0 1 1 0 6 4 4 6 1 0 0 0 0 1 N
G 5 16 10 9 2 0 0 1 1 0 6 4 5 5 1 0 0 0 0 1 N
T 5 15 10 10 2 0 0 1 1 0 6 3 5 6 0 0 0 0 0 1 N
T 5 15 10 10 3 0 0 1 1 0 6 2 6 6 0 0 0 0 0 1 N
A 4 16 10 10 3 0 0 1 1 0 5 3 6 6 0 0 0 0 0 1 N
G 4 16 10 10 3 0 0 0 1 0 5 3 6 6 0 0 0 0 0 0 N
G 4 16 10 10 3 0 0 0 1 1 5 3 6 6 0 0 0 0 0 0 N
C 4 16 10 10 3 0 0 0 1 1 5 3 5 7 0 0 0 0 0 0 N
T 4 16 11 9 3 0 0 0 1 1 5 2 6 7 0 0 0 0 0 0 N
T 4 16 11 9 2 0 0 0 1 1 5 1 6 8 0 0 0 0 0 0 N
C 4 17 10 9 2 0 0 0 1 1 5 1 5 9 0 0 0 0 0 0 N
C 4 16 11 9 2 0 0 0 1 1 6 1 4 9 0 0 0 0 0 0 N
G 4 15 12 9 2 0 0 0 1 1 6 1 4 9 0 0 0 0 0 0 N
A 4 14 12 10 2 0 0 0 1 1 5 1 4 10 0 0 0 0 0 0 N
A 5 13 12 10 2 0 0 0 1 1 5 1 4 10 0 0 0 0 0 0 N
C 6 12 12 10 2 0 0 0 1 1 6 1 3 10 0 0 0 0 0 0 N
A 6 12 12 10 2 0 0 0 1 1 5 1 3 11 0 0 0 0 0 0 N
A 7 11 12 10 2 0 0 0 1 1 4 1 4 11 0 0 0 0 0 0 N
G 8 10 12 10 2 0 0 0 1 1 5 1 4 10 0 0 0 0 0 0 N
A 8 9 12 11 2 0 0 0 1 1 4 1 4 11 0 0 0 0 0 0 N
G 9 9 12 10 2 0 0 0 1 1 5 1 4 10 0 0 0 0 0 0 N
C 9 9 12 10 2 0 0 0 1 1 5 2 3 10 0 0 0 0 0 0 N
G 9 9 13 9 2 0 0 0 1 1 5 2 4 9 0 0 0 0 0 0 N
C 8 9 13 10 2 0 0 0 1 1 6 2 3 9 0 0 0 0 0 0 N
T 8 9 13 10 2 0 0 0 1 1 6 1 4 9 0 0 0 0 0 0 N
G 8 10 12 10 2 0 0 0 1 1 6 1 5 8 0 0 0 0 0 0 N
G 8 10 11 11 2 0 0 0 1 1 7 1 5 7 0 0 0 0 0 0 N
G 8 9 11 12 2 0 0 0 1 1 7 1 6 6 0 0 0 0 0 0 N
C 8 9 11 12 2 0 0 0 1 1 7 2 5 6 0 0 0 0 0 0 N
G 7 9 12 12 2 0 0 0 0 1 7 3 5 5 0 0 0 0 0 0 N
G 6 9 12 13 2 0 0 0 0 1 7 4 5 4 0 0 0 0 0 0 N
A 6 9 12 13 2 0 0 0 0 1 6 4 5 5 0 0 0 0 0 0 N
G 7 8 12 13 1 0 0 0 0 1 6 4 5 5 0 0 0 0 0 0 N
G 7 8 12 13 1 0 0 0 0 1 6 4 5 5 0 0 0 0 0 0 N
A 7 8 11 14 1 0 0 0 0 1 6 4 5 5 0 0 0 0 0 0 N
A 8 7 11 14 1 0 0 0 0 1 5 4 5 6 0 0 0 0 0 0 N
G 9 7 10 14 1 0 0 0 0 1 5 5 5 5 1 0 0 0 0 0 N
C 9 6 10 15 1 0 0 0 0 1 6 5 4 5 1 0 0 0 0 0 N
A 9 6 10 15 1 0 0 0 0 1 5 5 4 6 1 0 0 0 0 1 N
G 10 6 9 15 1 0 0 0 0 1 5 6 4 5 2 0 0 0 0 1 N
A 10 6 8 16 1 0 0 0 0 1 4 6 5 5 2 0 0 0 0 1 N
T 11 5 8 16 1 0 0 0 0 1 4 5 6 5 2 0 0 0 0 1 N
C 11 6 8 15 1 0 0 0 0 1 5 5 5 5 2 0 0 0 0 1 N
A 11 5 9 15 0 0 0 0 0 1 4 5 6 5 2 0 0 0 0 1 N
C 12 4 9 15 0 0 0 0 0 1 4 6 5 5 2 0 0 0 0 1 N
C 11 4 10 15 0 0 0 0 0 1 4 6 5 5 2 0 0 0 0 1 N
A 11 4 11 14 0 0 0 0 0 0 4 6 5 5 2 0 0 0 0 1 N
C 12 4 11 13 0 0 0 0 0 0 5 6 4 5 2 0 0 0 0 1 N
T 12 4 11 13 0 0 0 0 0 0 5 6 4 5 2 0 0 0 0 1 N
T 12 4 11 13 0 0 0 0 0 0 5 5 5 5 2 0 0 0 0 1 N
T 12 4 11 13 0 0 0 0 0 0 5 5 5 5 2 0 0 0 0 1 N
G 12 5 10 13 0 0 0 0 0 0 5 6 5 4 2 0 0 0 0 1 N
G 12 5 9 14 0 0 0 0 0 0 5 7 5 3 2 0 0 0 0 1 N
G 12 5 9 14 0 0 0 0 0 0 5 7 5 3 2 0 0 0 0 1 N
A 11 5 9 15 0 0 0 0 0 0 4 7 5 4 2 0 0 0 0 1 N
G 11 5 9 15 0 0 0 0 0 0 4 7 5 4 2 0 0 0 0 1 N
T 11 5 8 16 0 0 0 0 0 0 4 6 6 4 1 0 0 0 0 1 N
A 10 6 8 16 1 0 0 0 0 0 3 6 7 4 1 0 0 0 0 1 N
G 10 6 8 16 1 0 0 0 0 0 4 6 7 3 1 0 0 0 0 0 N
T 10 6 8 16 1 0 0 0 0 1 4 5 7 4 0 0 0 0 0 0 N
C 9 7 8 16 2 0 0 0 0 1 5 5 6 4 0 0 0 0 0 0 N
C 9 7 9 15 2 0 0 0 0 1 6 5 5 4 0 0 0 0 0 0 N
A 9 7 9 15 2 0 0 0 0 1 6 5 5 4 0 0 0 0 0 0 N
C 10 7 9 14 2 0 0 0 0 1 6 6 4 4 0 0 0 0 0 0 N
T 10 7 9 14 2 0 0 0 0 1 6 5 5 4 0 0 0 0 0 0 N
C 10 7 9 14 2 0 0 0 0 1 6 6 4 4 0 0 0 0 0 0 N
A 10 7 10 13 2 0 0 0 0 1 5 6 4 5 0 0 0 0 0 0 N
A 11 7 10 12 2 0 0 0 0 1 4 7 4 5 1 0 0 0 0 0 N
T 12 7 10 11 2 0 0 0 0 1 5 6 4 5 1 0 0 0 0 0 N
C 12 8 9 11 2 0 0 0 0 1 5 7 3 5 1 0 0 0 0 0 N
T 12 8 10 10 2 0 0 0 0 1 5 6 4 5 1 0 0 0 0 0 N
T 12 9 10 9 2 0 0 0 0 1 5 6 4 5 1 0 0 0 0 0 N
T 11 10 10 9 2 0 0 0 0 1 5 5 4 6 1 0 0 0 0 0 N
G 11 11 10 8 2 0 0 0 0 1 5 5 5 5 1 0 0 0 0 0 N
G 11 11 10 8 2 0 0 0 0 1 5 5 6 4 1 0 0 0 0 0 N
G 10 11 10 9 2 0 0 0 0 1 5 5 7 3 1 0 0 0 0 0 N
C 9 11 10 10 2 0 0 0 0 1 6 5 6 3 1 0 0 0 0 0 N
C 9 11 11 9 2 0 0 0 0 1 6 6 5 3 1 0 0 0 0 0 N
A 9 11 11 9 2 0 0 0 0 1 5 6 6 3 1 0 0 0 0 0 N
G 9 11 11 9 2 0 0 0 0 1 5 7 6 2 1 0 0 0 0 0 N
A 9 11 11 9 2 0 0 0 0 1 4 7 6 3 1 0 0 0 0 0 N
A 9 11 11 9 2 0 0 0 0 1 3 7 7 3 1 0 0 0 0 0 N
A 10 10 11 9 2 0 0 0 0 1 2 7 8 3 1 0 0 0 0 0 N
T 11 10 10 9 2 0 0 0 0 1 3 6 8 3 1 0 0 0 0 0 N
C 10 11 10 9 2 0 0 0 0 1 3 6 8 3 1 0 0 0 0 0 N
T 10 11 10 9 2 0 0 0 0 1 4 5 8 3 1 0 0 0 0 0 N
G 10 12 9 9 2 0 0 0 0 1 4 5 8 3 1 0 0 0 0 0 N
T 9 12 9 10 2 0 0 0 0 1 4 4 9 3 0 0 0 0 0 0 N
A 9 13 8 10 3 0 0 0 0 1 3 5 9 3 0 0 0 0 0 0 N
T 10 12 8 10 3 0 0 0 0 1 4 4 9 3 0 0 0 0 0 0 N
C 10 12 8 10 3 0 0 0 0 1 5 4 8 3 0 0 0 1 0 0 N
T 10 11 9 10 3 0 0 0 0 1 5 4 8 3 0 0 0 1 0 0 N
G 10 12 9 9 3 0 0 0 0 1 6 4 8 2 0 0 0 1 0 0 N
C 10 12 9 9 3 0 0 0 0 1 7 4 7 2 0 0 0 2 0 0 N
C 10 12 10 8 3 0 0 0 0 1 7 4 7 2 0 0 0 2 0 0 N
C 9 12 11 8 3 0 0 0 0 1 7 4 7 2 0 0 0 2 0 0 N
A 9 12 12 7 3 0 0 0 0 1 6 5 7 2 0 0 0 2 0 0 N
T 10 11 12 7 2 0 0 0 0 1 6 4 8 2 0 0 0 2 0 0 N
C 9 12 12 7 2 0 0 0 0 1 6 5 7 2 0 0 0 2 0 0 N
T 9 12 13 6 2 0 0 0 0 0 7 4 7 2 0 0 0 2 0 0 N
G 9 12 13 6 1 0 0 0 0 0 7 5 7 1 0 0 0 2 0 0 N
C 9 12 12 7 1 0 0 0 0 0 8 5 6 1 0 0 0 2 0 0 N
C 9 12 12 7 1 0 0 0 0 0 8 6 5 1 0 0 0 2 0 0 N
A 8 12 13 7 1 0 0 0 0 0 7 6 5 2 0 0 1 2 0 0 N
C 9 12 12 7 1 0 0 0 0 0 7 7 4 2 1 0 1 2 0 0 N
A 9 11 13 7 1 0 0 0 0 0 6 7 5 2 1 0 1 2 0 0 N
G 10 11 12 7 1 0 0 0 0 0 6 8 5 1 1 0 1 2 0 0 N
C 9 11 12 8 1 0 0 0 0 0 6 9 4 1 1 0 1 2 0 0 N
T 8 11 13 8 1 0 0 0 0 0 6 8 5 1 1 0 1 2 0 0 N
A 8 11 13 8 1 0 0 0 0 0 5 9 5 1 1 0 1 2 0 0 N
A 9 11 12 8 1 0 0 0 0 0 4 9 6 1 1 0 1 1 0 0 N
T 10 10 12 8 1 0 0 1 0 0 4 8 7 1 1 0 1 1 0 0 N
A 10 10 12 8 1 0 0 1 0 0 3 8 8 1 1 0 1 1 0 0 N
A 11 9 12 8 1 0 0 1 0 0 2 9 8 1 1 0 1 0 0 0 N
C 12 9 12 7 1 0 0 2 0 0 2 9 8 1 1 0 1 0 0 0 N
C 12 9 13 6 1 0 0 2 0 0 2 10 7 1 1 0 1 0 0 0 N
T 12 9 14 5 1 0 0 2 0 0 2 9 8 1 1 0 1 0 0 0 N
C 12 10 13 5 1 0 0 2 0 0 2 10 7 1 1 0 1 0 0 0 N
T 12 10 13 5 1 0 0 2 0 0 2 10 7 1 1 0 1 0 0 0 N
A 11 11 13 5 1 0 0 2 0 0 1 11 7 1 1 0 1 0 0 0 N
T 12 11 13 4 1 0 0 2 0 0 1 11 7 1 1 0 1 0 0 0 N
A 11 12 13 4 1 0 0 2 0 0 0 12 7 1 1 0 1 0 0 0 N
T 11 12 13 4 1 0 0 2 0 0 1 11 7 1 1 0 1 0 0 0 N
G 10 13 13 4 1 0 0 2 0 0 2 11 7 0 1 0 0 1 0 0 N
T 10 12 13 5 1 0 1 2 0 0 2 10 7 1 0 0 0 1 0 0 N
C 10 13 12 5 2 0 1 2 0 0 2 10 6 2 0 0 0 1 0 0 N
T 10 12 13 5 2 0 1 2 0 0 2 10 6 2 1 0 0 1 0 0 N
T 10 13 13 4 2 0 1 2 0 0 3 9 6 2 1 0 0 1 0 0 N
C 10 13 13 4 1 0 1 2 0 0 4 9 5 2 1 0 0 2 0 0 N
T 9 13 14 4 1 0 1 2 0 0 4 8 6 2 1 0 0 2 0 0 N
C 9 13 14 4 1 0 1 2 0 0 5 8 5 2 1 0 0 2 0 0 N
C 9 13 14 4 1 0 1 2 0 0 5 9 4 2 1 0 0 2 0 0 N
C 9 12 15 4 1 0 1 2 0 0 5 10 3 2 1 0 0 2 0 0 N
T 9 12 16 3 1 0 1 2 0 0 5 10 3 2 1 0 0 2 0 0 N
C 9 13 15 3 1 0 1 2 0 0 5 10 2 3 1 0 0 2 0 0 N
T 9 13 15 3 1 0 1 2 0 0 5 9 3 3 1 0 0 2 0 0 N
C 9 14 14 3 1 0 1 2 0 0 5 9 3 3 1 0 0 2 0 0 N
T 8 14 15 3 1 0 1 2 0 0 5 8 3 4 1 0 0 2 0 0 N
T 8 14 15 3 1 0 1 2 0 0 5 7 3 5 1 0 0 2 0 0 N
T 8 15 14 3 1 0 1 2 0 0 5 7 3 5 2 0 0 2 0 0 N
T 8 15 14 3 1 0 1 2 0 0 5 6 4 5 2 0 0 2 0 0 N
T 8 16 14 2 1 0 1 2 0 0 6 5 4 5 2 0 0 2 0 0 N
A 8 17 13 2 1 0 1 2 0 0 5 5 5 5 2 0 0 2 0 0 N
A 9 17 12 2 1 0 1 2 0 0 4 5 6 5 2 0 0 1 0 0 N
G 9 17 12 2 1 0 1 3 0 0 4 5 7 4 2 0 0 1 0 0 N
G 9 17 11 3 1 0 1 3 0 0 5 5 7 3 2 0 0 1 0 0 C
T 8 17 11 4 1 0 1 3 0 0 5 5 7 3 1 0 0 1 0 0 C
A 8 18 11 3 2 0 1 3 0 0 4 6 7 3 1 0 0 1 0 0 C
A 9 18 10 3 2 0 1 3 0 0 3 6 7 4 1 0 0 0 0 0 C
C 10 17 10 3 2 0 1 4 0 0 3 6 7 4 1 0 0 0 0 0 C
A 9 17 11 3 2 0 1 4 0 0 3 6 7 4 1 0 0 0 0 0 C
T 9 17 11 3 2 0 1 3 0 0 3 5 7 5 1 0 0 0 0 0 C
T 9 17 11 3 2 0 1 3 0 0 4 4 7 5 1 0 0 0 0 0 C
T 8 18 11 3 2 0 1 3 0 0 5 3 7 5 1 0 0 0 0 0 C
G 7 19 11 3 2 0 1 2 0 0 5 3 7 5 1 0 0 0 0 0 C
C 7 19 10 4 2 0 1 2 0 0 5 3 7 5 1 0 0 0 0 0 C
C 7 19 10 4 2 0 1 2 0 0 6 3 6 5 1 0 0 0 0 0 C
G 7 18 11 4 2 0 1 2 0 0 6 3 6 5 1 0 0 0 0 0 C
G 7 18 10 5 2 0 1 2 0 0 6 4 6 4 2 0 0 0 0 0 C
T 7 17 10 6 2 0 1 2 0 0 7 3 6 4 1 0 0 0 0 0 C
C 6 18 10 6 3 0 1 2 0 0 7 4 5 4 1 0 0 0 0 0 C
A 6 17 11 6 3 0 1 2 0 0 6 5 5 4 1 0 0 0 0 0 C
C 6 17 11 6 3 0 1 2 0 0 6 5 5 4 1 0 0 0 0 0 C
C 6 16 12 6 3 0 1 2 0 0 7 5 4 4 1 0 0 0 0 0 C
C 6 16 13 5 3 0 0 2 0 0 7 5 3 5 1 0 0 0 0 0 C
A 6 15 14 5 2 0 0 2 0 0 6 5 3 6 1 0 0 0 0 0 C
T 7 15 13 5 2 0 0 2 0 0 7 4 3 6 1 0 0 0 0 0 C
T 7 15 13 5 2 0 0 2 0 0 8 3 3 6 1 0 0 0 0 0 C
G 7 15 13 5 2 0 0 2 0 0 9 3 3 5 1 0 0 0 0 0 C
C 7 15 12 6 2 0 0 2 0 0 9 3 3 5 1 0 0 0 0 0 C
A 7 14 13 6 2 0 0 2 0 0 8 4 3 5 1 0 0 0 0 0 C
G 8 14 12 6 2 0 0 2 0 0 8 4 3 5 1 0 0 0 0 0 C
A 8 14 11 7 2 0 0 2 0 0 7 4 3 6 1 0 0 0 0 0 C
A 9 14 10 7 2 0 0 2 0 0 6 5 3 6 2 0 0 0 0 0 C
G 10 13 10 7 2 0 0 2 0 0 7 5 3 5 2 0 0 0 0 0 C
C 10 13 9 8 2 0 0 2 0 0 8 5 2 5 2 0 0 1 0 0 C
A 10 12 10 8 2 0 0 2 0 0 7 5 3 5 2 0 0 1 0 0 C
G 11 12 9 8 2 0 0 2 0 0 7 6 3 4 2 0 0 1 0 0 C
T 11 11 9 9 2 0 0 2 0 0 7 5 3 5 1 0 0 1 0 0 C
A 11 11 9 9 3 0 0 2 0 0 7 5 3 5 1 0 0 1 1 0 C
T 12 10 9 9 3 0 0 2 0 0 7 5 3 5 1 0 0 1 1 0 C
T 12 10 9 9 3 0 0 2 0 0 7 4 3 6 1 0 1 1 1 0 C
C 12 10 9 9 3 0 0 2 0 0 8 4 2 6 1 0 1 1 2 0 C
A 11 10 10 9 3 0 0 2 0 0 8 4 2 6 1 0 1 1 2 0 C
G 11 10 10 9 3 0 0 1 0 0 9 4 2 5 1 0 1 1 2 0 C
G 11 10 10 9 3 0 0 1 0 0 10 4 2 4 1 0 1 1 2 0 C
A 11 10 10 9 3 0 0 1 0 0 9 4 2 5 1 0 1 1 2 0 C
A 12 9 10 9 2 0 0 1 0 0 8 4 2 6 1 0 1 1 2 0 C
A 12 9 10 9 2 0 0 1 0 0 7 5 2 6 2 0 1 1 2 0 C
C 12 9 10 9 2 0 0 0 0 0 7 6 1 6 2 0 1 1 2 0 C
T 12 9 10 9 2 0 0 0 0 0 7 6 1 6 2 0 1 1 2 0 C
G 11 10 10 9 2 0 0 0 0 0 7 6 2 5 2 0 1 1 2 0 C
G 11 9 10 10 2 0 0 0 0 0 8 6 2 4 2 0 1 1 2 0 C
T 11 8 10 11 2 0 0 0 0 0 8 5 2 5 1 0 1 1 2 0 C
A 11 8 10 11 3 0 0 0 0 0 8 5 2 5 1 0 1 1 2 0 C
A 12 8 10 10 3 0 0 0 0 0 7 6 2 5 1 0 1 0 2 0 C
C 13 8 9 10 3 0 0 1 0 0 8 6 1 5 1 0 1 0 2 0 C
T 13 8 9 10 3 0 0 1 0 0 9 5 1 5 1 0 1 1 2 0 C
G 13 9 9 9 3 0 0 1 0 0 9 6 1 4 1 0 1 1 2 0 C
A 13 9 9 9 3 0 0 1 0 0 8 6 1 5 1 0 2 1 1 0 C
T 14 8 9 9 2 0 0 1 1 0 8 6 1 5 2 0 2 1 1 0 C
G 14 9 8 9 2 0 0 1 1 0 8 6 1 5 2 0 1 1 1 0 C
A 13 9 8 10 2 0 1 1 1 0 8 6 1 5 2 0 1 1 1 0 C
A 14 9 7 10 2 0 1 1 2 0 7 6 1 6 2 0 1 1 1 0 C
A 15 9 6 10 2 0 1 1 2 0 6 7 1 6 3 0 1 1 1 0 C
A 16 9 5 10 2 0 1 1 2 0 6 7 1 6 3 0 1 1 1 0 C
G 16 9 5 10 2 0 1 1 2 0 6 7 2 5 3 0 1 1 1 0 C
G 16 8 5 11 2 0 1 1 2 0 6 7 3 4 3 0 1 1 1 0 C
T 16 7 5 12 2 0 1 1 2 0 7 6 3 4 2 0 1 1 1 0 C
T 16 8 5 11 3 0 1 1 2 0 7 6 3 4 2 0 1 1 1 0 C
T 16 9 4 11 3 0 1 1 2 0 7 6 3 4 2 0 1 1 1 0 C
C 15 10 4 11 3 0 1 1 2 0 7 6 3 4 2 0 1 1 1 0 C
A 15 10 5 10 3 0 1 1 2 0 7 6 3 4 2 0 1 1 1 0 C
G 15 10 5 10 3 0 1 1 2 0 7 6 3 4 2 0 1 1 1 0 C
A 14 10 5 11 3 0 1 1 2 0 6 7 3 4 3 0 1 1 1 0 C
T 15 10 5 10 3 0 1 1 2 0 7 6 3 4 3 0 1 1 1 0 C
A 15 11 4 10 3 0 1 1 2 0 6 6 3 5 3 0 1 1 1 1 C
A 15 11 4 10 3 0 1 1 2 0 5 7 3 5 4 0 1 0 1 1 C
T 16 11 4 9 3 0 1 2 2 0 5 6 3 6 4 0 1 0 1 1 C
G 16 11 4 9 2 0 1 2 2 0 5 7 3 5 5 0 0 0 1 1 N
T 15 11 4 10 2 0 2 2 2 0 5 6 3 6 4 0 0 0 1 1 N
G 15 11 4 10 3 0 2 2 2 0 6 6 3 5 4 0 0 0 2 1 N
A 15 10 4 11 3 0 2 2 2 0 5 6 4 5 4 0 0 0 1 1 N
G 16 10 3 11 3 0 2 2 3 0 5 6 4 5 4 0 0 0 1 1 N
T 15 10 3 12 3 0 2 2 3 0 6 5 4 5 3 0 0 0 1 1 N
A 15 11 3 11 4 0 2 2 3 0 5 5 4 6 3 0 0 0 1 1 N
C 16 11 3 10 4 0 2 2 3 0 5 6 3 6 4 0 0 0 1 1 N
C 15 11 4 10 4 0 2 2 3 0 5 6 3 6 4 0 0 0 1 1 N
A 14 11 5 10 4 0 2 2 3 0 4 6 4 6 4 0 0 0 1 1 N
T 14 11 5 10 4 0 2 2 3 0 5 5 4 6 4 0 0 0 1 1 N
T 14 12 4 10 4 0 2 2 3 0 5 4 4 7 4 0 0 0 1 1 N
C 14 12 4 10 4 0 2 2 3 0 6 4 3 7 4 0 0 0 1 1 N
A 14 12 5 9 4 0 2 2 3 0 5 4 4 7 4 0 0 0 1 1 N
G 15 12 5 8 4 0 2 2 3 0 5 5 4 6 4 0 0 0 1 1 N
T 15 11 5 9 3 0 2 2 3 0 5 4 4 7 3 0 0 0 1 1 N
A 14 12 5 9 4 0 2 2 3 0 5 4 4 7 3 0 0 0 2 1 N
G 14 12 5 9 4 0 2 1 3 0 6 4 4 6 3 0 0 0 2 0 N
T 14 12 4 10 4 0 2 1 3 1 6 4 4 6 2 0 0 0 2 0 N
G 14 12 4 10 5 0 2 1 3 1 6 4 5 5 2 0 0 0 2 0 N
T 14 12 4 10 5 0 2 1 3 1 6 3 6 5 1 0 0 0 2 0 N
G 13 13 4 10 6 0 2 1 2 1 6 3 7 4 1 0 0 0 2 0 N
A 13 12 4 11 6 0 2 1 2 1 5 4 7 4 1 0 0 0 1 0 N
C 14 12 4 10 6 0 1 1 3 1 5 5 6 4 1 0 0 0 1 0 N
G 13 12 5 10 6 0 1 1 2 1 5 6 6 3 1 0 0 0 1 0 N
A 12 12 5 11 6 0 1 1 2 1 4 6 6 4 1 0 0 0 1 0 N
G 12 12 5 11 6 0 1 1 2 1 4 6 6 4 1 0 0 0 1 0 N
T 11 12 5 12 6 0 1 1 2 1 4 5 6 5 0 0 0 0 1 0 N
C 11 13 5 11 7 0 1 1 2 1 4 5 6 5 0 0 0 0 1 0 N
C 11 13 6 10 7 0 1 1 2 1 5 5 5 5 0 0 0 0 1 0 N
A 11 12 7 10 6 0 1 1 2 1 4 5 5 6 0 0 0 0 1 0 N
G 12 11 7 10 6 0 1 1 2 1 4 5 6 5 0 0 0 0 1 0 N
A 12 10 7 11 6 0 1 1 2 1 4 5 6 5 0 0 0 0 1 0 N
C 13 10 6 11 6 0 1 1 2 1 5 5 5 5 0 0 0 0 1 0 N
T 12 10 7 11 6 0 1 1 2 1 5 4 5 6 0 0 0 0 1 0 N
G 12 11 7 10 6 0 1 1 2 1 5 4 5 6 0 0 0 0 1 0 N
A 11 11 7 11 6 0 1 1 2 1 4 5 5 6 1 0 0 0 0 0 N
A 12 10 7 11 6 0 1 1 3 1 3 5 5 7 1 0 0 0 0 0 N
T 12 10 7 11 6 0 1 1 3 1 3 4 6 7 1 0 0 0 0 0 N
C 11 11 7 11 6 0 1 0 3 1 3 4 6 7 1 0 0 0 0 0 N
C 11 10 8 11 6 0 1 0 3 1 4 4 5 7 1 0 0 0 0 0 N
C 11 10 9 10 6 0 0 0 3 1 4 4 4 8 1 0 0 0 0 0 N
T 11 9 10 10 5 0 0 0 3 1 5 3 4 8 1 0 0 0 0 0 N
T 11 10 10 9 5 0 0 0 3 1 6 2 4 8 1 0 0 0 0 0 N
T 10 11 10 9 5 0 0 0 2 1 6 1 5 8 1 0 0 0 0 0 N
G 10 12 10 8 5 0 0 0 2 1 7 1 5 7 1 0 0 0 0 0 N
G 10 11 10 9 4 0 0 0 2 1 7 1 6 6 1 0 0 0 0 0 N
G 9 11 10 10 4 0 0 0 2 1 7 2 6 5 1 0 0 0 0 0 N
C 9 11 9 11 4 0 0 0 2 1 7 3 5 5 1 0 0 0 0 0 N
A 9 11 9 11 4 0 0 0 2 1 6 3 6 5 1 0 0 0 0 0 N
G 9 11 9 11 4 0 0 0 2 1 6 4 6 4 1 0 0 0 0 0 N
C 9 10 9 12 4 0 0 0 2 1 6 5 5 4 1 0 0 0 0 0 N
A 9 9 10 12 4 0 0 0 2 1 5 6 5 4 1 0 0 0 0 0 N
A 10 9 9 12 4 0 0 0 2 1 4 7 5 4 1 0 0 0 0 0 N
G 10 9 9 12 4 0 0 0 2 1 4 7 6 3 1 0 0 0 0 0 N
G 10 9 9 12 4 0 0 0 2 1 4 8 6 2 1 0 0 0 0 0 N
T 10 8 9 13 3 0 0 0 2 1 4 7 7 2 0 0 0 0 0 0 N
G 9 9 9 13 4 0 0 0 2 1 4 8 7 1 0 0 0 0 0 0 N
C 9 9 9 13 4 0 0 0 2 0 4 8 7 1 0 0 0 0 0 0 N
C 9 8 10 13 3 0 0 0 2 0 4 8 7 1 0 0 0 0 0 0 N
A 9 8 11 12 3 0 0 0 2 0 3 9 7 1 0 0 0 0 0 0 N
G 10 7 11 12 2 0 0 0 2 0 3 9 7 1 0 0 0 0 0 0 N
A 10 7 11 12 2 0 0 0 2 0 2 9 8 1 0 0 0 0 0 0 N
A 10 7 11 12 2 0 0 0 1 0 2 9 8 1 0 0 0 0 0 0 N
C 11 7 10 12 2 0 0 0 1 0 2 9 7 2 0 0 0 0 0 0 N
A 11 7 11 11 2 0 0 0 1 0 1 10 7 2 1 0 0 0 0 0 N
C 11 7 11 11 2 0 0 0 1 0 1 10 6 3 1 0 0 0 0 0 N
T 11 7 12 10 2 0 0 0 1 0 1 9 6 4 1 0 0 0 0 0 N
T 11 7 12 10 1 0 0 0 1 0 2 8 6 4 1 0 0 0 0 0 N
C 11 8 11 10 1 0 0 0 1 0 2 8 5 5 1 0 0 0 0 0 N
T 11 8 11 10 1 0 0 0 1 0 2 7 5 6 1 0 0 0 0 0 N
T 10 9 11 10 1 0 0 0 1 0 3 6 5 6 1 0 0 0 0 0 N
T 10 10 11 9 1 0 0 0 1 0 3 6 5 6 1 0 0 0 0 0 N
T 9 11 11 9 1 0 0 0 1 0 4 5 5 6 1 0 0 0 0 0 N
C 9 12 10 9 1 0 0 0 1 0 4 5 4 7 1 0 0 0 0 1 N
T 9 11 11 9 1 0 0 0 1 0 5 4 4 7 1 0 0 0 0 1 N
C 9 12 11 8 1 0 0 0 1 0 5 4 4 7 1 0 0 0 0 1 N
T 8 12 12 8 1 0 0 0 0 0 6 3 4 7 1 0 0 0 0 1 N
C 7 13 12 8 1 0 0 0 0 0 6 3 3 8 1 0 0 0 0 1 N
C 7 12 13 8 1 0 0 0 0 0 6 4 2 8 2 0 0 0 0 1 N
T 7 12 13 8 1 0 0 0 0 0 6 3 2 9 2 0 0 0 0 1 N
G 7 13 12 8 1 0 0 0 0 0 6 3 3 8 2 0 0 0 0 1 N
C 7 13 11 9 1 0 0 0 0 0 6 3 2 9 2 0 0 0 0 1 N
A 7 12 12 9 1 0 0 0 0 0 5 3 2 10 2 0 0 0 0 1 N
G 8 11 12 9 1 0 0 0 0 0 5 3 3 9 2 0 0 0 0 1 N
T 8 10 12 10 1 0 0 0 0 0 5 3 3 9 1 0 0 0 0 1 C
G 8 11 12 9 2 0 0 0 0 0 6 3 3 8 1 0 0 0 0 1 C
G 8 11 12 9 2 0 0 0 0 0 6 3 4 7 1 0 0 0 0 1 C
A 8 11 12 9 2 0 0 0 0 0 6 3 4 7 1 0 0 0 0 1 C
G 9 11 11 9 2 0 0 0 0 0 6 4 4 6 1 0 0 0 0 1 C
G 8 11 11 10 2 0 0 0 0 0 6 4 5 5 1 0 0 0 0 1 C
A 8 11 11 10 2 0 0 0 0 0 5 4 6 5 1 0 0 0 0 1 C
T 9 11 10 10 2 0 0 0 0 0 6 3 6 5 1 0 0 0 0 1 C
A 8 12 10 10 2 0 0 0 0 0 5 3 7 5 1 0 0 0 0 1 C
G 8 12 10 10 2 0 0 0 0 0 5 3 8 4 1 0 0 0 0 0 C
A 8 12 10 10 2 0 0 0 0 1 4 4 8 4 1 0 0 0 0 0 C
C 9 12 10 9 2 0 0 0 0 1 5 4 7 4 1 0 0 0 0 0 C
A 9 11 11 9 1 0 0 0 0 1 4 5 7 4 1 0 0 0 0 0 C
G 10 11 11 8 1 0 0 0 0 1 4 5 7 4 1 0 1 0 0 0 C
T 10 11 10 9 1 0 0 0 0 1 5 4 7 4 0 0 1 0 1 0 C
G 10 12 9 9 2 0 0 0 0 1 6 4 7 3 0 0 1 0 1 0 C
C 9 12 9 10 2 0 0 0 0 1 6 4 6 4 0 0 1 0 1 0 C
G 9 12 10 9 2 0 0 0 0 1 6 5 6 3 1 0 1 0 1 0 C
G 8 12 10 10 2 0 0 0 0 1 6 5 6 3 1 0 1 0 1 0 C
C 7 12 10 11 2 0 0 0 0 1 6 5 5 4 1 0 1 0 1 0 C
T 7 12 10 11 2 0 0 0 0 1 6 4 5 5 1 0 1 0 1 0 C
A 6 13 10 11 2 0 0 0 0 1 5 4 5 6 1 0 1 0 1 0 C
C 7 13 9 11 2 0 0 0 0 1 6 4 4 6 1 0 1 0 1 0 C
A 7 12 10 11 2 0 0 0 0 1 6 4 4 6 1 0 1 0 1 0 C
T 8 11 10 11 2 0 0 0 0 1 6 3 5 6 1 0 1 0 1 0 C
C 8 12 9 11 2 0 0 0 0 1 6 3 5 6 1 0 1 0 1 0 C
C 8 11 10 11 2 0 0 0 0 1 6 3 5 6 1 0 1 0 1 0 C
A 8 10 11 11 2 0 0 0 0 1 5 4 5 6 1 0 1 0 1 0 C
C 9 9 11 11 2 0 0 0 0 1 5 4 5 6 1 0 1 0 1 0 C
C 9 8 12 11 2 0 0 0 0 1 5 4 5 6 1 0 1 0 1 0 C
T 9 8 12 11 2 0 0 0 0 1 5 4 5 6 1 0 1 0 1 0 C
A 9 8 12 11 2 0 0 0 0 1 4 4 5 7 1 0 1 0 1 0 C
T 10 8 11 11 2 0 0 0 0 1 5 3 5 7 1 0 1 0 2 0 C
G 10 8 11 11 2 0 0 0 0 1 5 3 6 6 1 0 0 0 2 0 C
A 10 8 10 12 2 0 1 0 0 1 4 4 6 6 1 0 0 0 1 0 C
A 11 8 9 12 2 0 1 0 1 1 4 4 6 6 1 0 0 0 1 0 C
G 12 7 9 12 2 0 1 0 1 1 4 5 6 5 1 0 0 0 1 0 C
T 12 7 9 12 2 0 1 0 1 1 4 4 7 5 0 0 0 0 1 0 C
G 12 8 8 12 3 0 1 0 1 1 4 4 7 5 0 0 0 0 1 0 C
G 11 8 8 13 3 0 1 0 1 1 5 4 7 4 0 0 0 0 1 0 C
G 11 8 8 13 3 0 1 0 1 1 5 4 7 4 0 0 0 0 1 0 C
G 11 7 8 14 2 0 1 0 1 1 5 4 7 4 0 0 0 0 1 0 C
A 11 7 8 14 2 0 1 0 1 1 4 4 7 5 0 0 0 0 1 0 C
A 12 7 8 13 2 0 1 0 1 1 3 4 8 5 0 0 0 0 1 0 C
C 12 7 8 13 2 0 1 0 1 1 4 4 7 5 0 0 0 0 1 0 C
C 12 7 9 12 2 0 1 0 1 1 4 4 6 6 0 0 0 0 1 0 C
C 12 7 10 11 2 0 1 0 1 1 5 4 5 6 0 0 0 0 1 0 C
T 11 7 11 11 2 0 1 0 1 1 6 3 5 6 0 0 0 0 1 0 C
C 11 7 11 11 2 0 1 0 1 1 6 3 5 6 0 0 0 0 1 0 C
C 10 7 12 11 2 0 1 0 1 1 6 4 4 6 0 0 0 0 1 0 C
T 10 7 13 10 2 0 1 0 1 0 6 3 4 7 0 0 0 0 1 0 C
G 9 8 13 10 2 0 1 0 1 0 6 3 5 6 0 0 0 0 1 0 C
A 9 8 12 11 2 0 1 0 1 0 6 3 5 6 0 0 0 0 0 0 C
C 9 8 12 11 2 0 1 0 2 0 6 4 4 6 0 0 0 0 0 0 C
T 9 8 13 10 2 0 1 0 2 0 6 3 4 7 0 0 1 0 0 0 C
A 9 8 13 10 1 0 1 0 2 0 6 3 4 7 0 0 1 0 1 0 C
T 10 8 13 9 1 0 1 0 2 0 6 2 4 8 0 0 1 0 1 0 C
C 10 9 12 9 1 0 1 0 2 0 7 2 3 8 0 0 1 0 1 0 C
G 10 9 13 8 1 0 1 0 2 0 8 2 3 7 0 0 1 0 1 0 C
A 10 9 13 8 1 0 1 0 2 0 8 2 3 7 0 0 1 0 1 0 C
G 11 9 12 8 1 0 1 0 2 0 9 2 3 6 0 0 1 0 1 0 C
G 11 8 12 9 1 0 1 0 2 0 9 2 4 5 0 0 1 0 1 0 C
G 10 8 12 10 1 0 1 0 2 0 10 2 4 4 0 0 1 0 1 0 C
C 10 8 11 11 1 0 1 0 2 0 10 3 3 4 0 0 1 0 1 0 C
A 9 8 12 11 1 0 1 0 2 0 9 3 3 5 0 0 2 0 1 0 C
G 10 7 12 11 1 0 1 0 2 0 9 3 3 5 0 0 2 0 1 0 C
A 10 7 11 12 1 0 1 0 2 0 8 3 4 5 0 0 2 0 1 0 C
A 11 7 10 12 1 0 1 0 2 0 8 3 4 5 0 0 2 0 1 0 C
C 11 7 10 12 1 0 1 0 2 0 8 4 3 5 0 0 2 0 1 0 C
T 11 7 10 12 1 0 1 0 2 0 8 3 4 5 0 0 2 0 1 0 C
G 11 8 9 12 1 0 1 0 2 0 8 3 5 4 0 0 2 0 1 0 C
C 11 7 9 13 1 0 1 0 2 0 9 3 4 4 0 0 2 0 1 0 C
A 10 7 10 13 1 0 1 0 2 0 8 3 5 4 0 0 2 0 1 0 C
T 11 6 10 13 1 0 1 0 2 0 9 2 5 4 0 0 2 0 1 0 C
G 11 7 10 12 1 0 0 0 2 0 9 3 5 3 0 0 1 0 1 0 C
A 10 7 10 13 1 0 1 0 1 0 8 3 5 4 0 0 2 0 0 0 C
G 10 7 10 13 1 0 1 0 2 0 8 3 6 3 0 0 2 0 0 0 C
A 10 7 10 13 1 0 1 0 2 0 8 3 6 3 0 0 2 0 0 0 C
A 11 6 10 13 0 0 1 0 2 0 7 3 6 4 0 0 2 0 0 0 C
A 12 6 10 12 0 0 1 0 2 0 6 3 7 4 0 0 2 0 0 0 C
A 13 6 10 11 0 0 1 0 2 0 6 3 7 4 0 0 2 0 0 0 C
C 14 6 10 10 0 0 1 0 2 0 6 3 7 4 0 0 2 0 0 0 C
A 14 6 11 9 0 0 1 0 2 0 6 3 7 4 0 0 2 0 0 0 C
T 14 6 11 9 0 0 1 0 2 0 6 3 7 4 0 0 2 0 0 0 C
G 13 7 11 9 0 0 1 0 2 0 6 4 7 3 0 0 1 0 0 0 C
G 13 7 10 10 0 0 2 0 2 0 6 4 7 3 0 0 1 0 0 0 C
C 13 7 9 11 0 0 2 0 2 0 6 4 7 3 0 0 1 0 0 0 C
A 13 7 9 11 0 0 2 0 2 0 6 4 7 3 0 0 1 0 0 0 C
T 14 6 9 11 0 0 2 0 2 0 6 3 8 3 0 0 1 0 0 0 C
C 14 7 8 11 0 0 2 0 2 0 6 3 7 4 0 0 1 0 0 0 C
C 14 7 8 11 0 0 2 0 2 0 6 3 6 5 0 0 1 0 0 0 C
A 14 6 9 11 0 0 2 0 2 0 5 3 7 5 0 0 1 0 0 0 C
C 15 6 9 10 0 0 2 0 2 0 6 3 6 5 0 0 1 0 0 0 C
A 14 6 10 10 0 0 2 0 1 0 5 3 6 6 0 0 1 0 0 0 C
T 15 6 9 10 0 0 2 0 1 0 5 2 6 7 0 0 1 0 0 0 C
G 15 6 9 10 0 0 2 0 1 0 5 3 6 6 1 0 0 0 0 0 C
C 14 6 9 11 0 0 3 0 1 0 6 3 5 6 1 0 0 0 0 0 C
A 14 5 10 11 0 0 3 0 1 0 5 3 6 6 1 0 0 0 0 0 C
G 15 5 9 11 0 0 3 0 1 0 5 3 7 5 1 0 0 0 0 0 C
C 15 5 9 11 0 0 3 0 1 0 5 3 6 6 1 0 0 0 0 0 C
A 14 5 10 11 0 0 3 0 1 0 4 4 6 6 2 0 0 0 0 0 C
C 15 5 10 10 0 0 3 0 1 0 5 4 5 6 2 0 0 0 0 0 C
A 15 5 11 9 0 0 3 0 1 0 4 4 6 6 2 0 0 0 0 0 C
T 16 5 11 8 0 0 3 0 1 0 4 4 6 6 2 0 0 0 0 0 C
T 16 6 10 8 0 0 3 0 1 0 4 3 6 7 2 0 0 0 0 0 C
G 15 7 10 8 0 0 3 0 1 0 4 3 6 7 2 0 0 0 0 0 C
C 15 7 10 8 0 0 3 0 1 0 5 3 5 7 2 0 0 0 0 0 C
A 14 7 11 8 0 0 3 0 1 0 4 3 5 8 2 0 0 0 0 0 C
C 14 7 11 8 0 0 3 0 1 0 4 3 5 8 2 0 0 0 0 0 C
G 14 7 11 8 0 0 3 0 1 0 4 4 5 7 2 0 0 0 0 0 C
G 14 6 11 9 0 0 3 0 1 0 4 5 5 6 2 0 0 0 0 0 C
C 14 6 11 9 0 0 3 0 1 0 4 5 4 7 2 0 0 0 0 0 C
A 14 6 11 9 0 0 3 0 1 0 4 5 4 7 2 0 0 0 1 0 C
G 14 6 11 9 0 0 3 0 1 0 4 5 5 6 2 0 0 0 1 0 C
G 14 5 11 10 0 0 3 0 1 0 5 5 5 5 2 0 0 0 1 0 N
T 14 5 11 10 0 0 2 0 1 0 5 5 5 5 1 0 0 0 1 0 N
A 13 6 11 10 1 0 2 0 0 0 5 5 5 5 1 0 0 0 1 0 N
C 14 6 11 9 1 0 2 0 0 0 5 6 4 5 1 0 0 0 1 0 N
C 13 6 12 9 1 0 2 0 0 0 5 6 3 6 1 0 1 0 1 0 N
G 12 6 13 9 1 0 2 0 0 0 5 7 3 5 2 0 1 0 1 0 N
T 11 6 13 10 1 0 2 0 0 0 5 7 3 5 1 0 1 0 1 0 N
A 10 7 13 10 2 0 2 0 0 0 4 8 3 5 1 0 1 0 1 0 N
C 11 7 12 10 2 0 2 0 0 0 4 9 2 5 1 0 1 0 1 0 N
T 10 7 13 10 2 0 2 0 0 0 4 8 2 6 1 0 1 0 1 0 N
G 10 7 13 10 2 0 2 0 0 0 4 9 2 5 2 0 1 0 1 0 N
G 10 7 13 10 2 0 1 0 0 0 4 9 2 5 2 0 1 0 1 0 N
A 10 7 13 10 2 0 1 0 0 0 3 10 2 5 3 0 1 0 1 0 N
G 11 7 12 10 2 0 1 0 0 0 3 11 2 4 3 0 1 0 1 0 N
C 10 7 12 11 2 0 1 0 0 0 4 11 1 4 3 0 1 0 1 0 N
T 10 6 13 11 2 0 1 0 0 0 4 10 2 4 3 0 1 0 1 0 N
T 10 7 12 11 2 0 1 0 0 0 5 9 2 4 3 0 1 0 1 0 N
G 10 8 11 11 2 0 1 0 0 0 5 9 2 4 3 0 1 0 1 0 N
A 9 8 11 12 2 0 1 0 0 0 4 10 2 4 4 0 1 0 0 0 N
C 10 8 10 12 2 0 1 0 1 0 4 10 1 5 4 0 1 0 0 0 N
A 9 8 11 12 2 0 1 0 1 0 3 10 1 6 4 0 1 0 0 0 N
T 10 7 11 12 2 0 1 0 1 0 3 9 1 7 4 0 1 0 0 0 N
A 10 8 11 11 2 0 0 0 1 0 2 9 2 7 4 0 1 0 0 0 N
T 11 8 10 11 2 0 0 0 1 0 2 8 3 7 4 0 1 0 0 0 N
G 10 9 10 11 2 0 0 0 1 0 3 8 3 6 4 0 0 0 0 0 N
T 10 9 10 11 2 0 1 0 1 0 3 8 3 6 3 0 0 0 0 0 N
T 10 10 9 11 3 0 1 0 1 0 3 8 3 6 3 0 0 0 0 0 N
T 9 11 9 11 3 0 1 0 1 0 3 7 3 7 3 0 0 0 0 0 N
T 9 12 8 11 3 0 1 0 1 0 4 6 3 7 3 0 0 0 1 0 N
G 8 13 8 11 3 0 1 0 1 0 4 6 4 6 3 0 0 0 1 0 N
T 8 12 8 12 3 0 1 0 1 0 5 5 4 6 2 0 0 0 1 0 N
G 8 12 8 12 4 0 1 0 1 0 5 5 4 6 2 0 0 0 1 0 N
T 8 12 8 12 4 0 1 0 1 0 5 4 5 6 1 0 0 0 1 0 N
T 8 13 7 12 5 0 1 0 1 0 6 3 5 6 1 0 0 0 1 0 N
A 7 14 7 12 5 0 1 0 1 0 5 3 5 7 1 0 0 0 1 0 N
C 8 14 6 12 5 0 1 0 1 0 5 3 5 7 1 0 0 0 1 0 N
A 8 14 7 11 5 0 1 0 1 0 4 3 5 8 1 0 0 0 1 0 N
G 9 14 7 10 5 0 1 0 1 0 4 3 6 7 1 0 0 0 1 0 N
T 9 14 6 11 5 0 1 0 1 0 4 2 7 7 0 0 0 0 1 0 C
G 8 15 6 11 6 0 1 0 1 0 4 2 7 7 0 0 0 0 1 0 C
G 8 15 6 11 6 0 1 0 1 0 4 3 7 6 1 0 0 0 1 0 C
G 8 15 6 11 6 0 1 0 1 0 4 4 7 5 1 0 0 0 1 0 C
C 8 14 6 12 5 0 1 0 1 0 4 5 6 5 1 0 0 0 1 0 C
C 7 14 7 12 5 0 1 0 1 0 4 5 6 5 1 0 0 0 1 0 C
A 7 14 7 12 5 0 1 0 1 0 3 5 7 5 1 0 0 0 1 0 C
T 8 14 6 12 5 0 1 0 1 0 3 4 7 6 1 0 0 0 1 0 C
T 8 15 6 11 5 0 1 0 1 0 4 3 7 6 1 0 0 0 1 0 C
G 8 15 6 11 4 0 1 0 1 0 4 3 8 5 1 0 0 0 1 0 C
A 7 15 6 12 4 0 1 0 1 0 3 4 8 5 1 0 0 0 0 0 C
C 8 15 5 12 4 0 1 0 2 0 3 4 7 6 1 0 0 0 0 0 C
A 8 14 6 12 4 0 1 0 2 0 2 4 7 7 1 0 0 0 0 0 C
G 9 14 6 11 4 0 1 0 2 0 3 4 7 6 1 0 0 0 0 0 C
C 9 14 6 11 4 0 1 0 2 0 4 4 6 6 1 0 0 0 0 0 C
A 8 14 7 11 4 0 1 0 2 0 3 4 7 6 1 0 0 0 0 0 C
G 9 14 7 10 4 0 1 0 2 0 3 4 7 6 1 0 0 0 0 0 C
C 9 14 6 11 4 0 1 0 2 0 3 5 6 6 2 0 0 0 0 0 C
G 9 13 7 11 4 0 1 0 2 0 3 5 6 6 2 0 0 0 0 0 C
C 9 12 7 12 4 0 1 0 2 0 3 5 5 7 2 0 0 0 0 0 C
C 9 12 8 11 4 0 1 0 2 0 3 5 4 8 2 0 0 0 0 0 C
G 8 12 9 11 4 0 1 0 1 0 3 5 5 7 2 0 0 0 0 0 C
T 8 12 8 12 4 0 1 0 1 0 3 4 6 7 1 0 0 0 0 0 C
T 7 13 8 12 5 0 1 0 1 0 3 3 6 8 1 0 0 0 0 0 C
T 7 13 8 12 5 0 1 0 1 0 3 2 6 9 1 0 0 0 0 0 C
C 6 14 8 12 5 0 1 0 1 0 3 2 6 9 1 0 0 0 0 0 C
C 6 13 9 12 5 0 1 0 1 0 3 2 6 9 1 0 0 0 0 0 C
G 6 13 10 11 5 0 0 0 1 0 3 2 7 8 1 0 0 0 0 0 C
A 6 12 10 12 4 0 0 0 1 0 2 2 8 8 1 0 0 0 0 0 C
C 7 11 10 12 4 0 0 0 1 0 2 2 8 8 1 0 0 0 0 0 C
T 7 10 11 12 4 0 0 0 1 0 3 1 8 8 1 0 0 0 0 0 C
G 7 10 11 12 4 0 0 0 1 0 3 1 8 8 1 0 0 0 0 0 C
G 7 10 11 12 4 0 0 0 1 0 4 1 8 7 1 0 0 0 0 0 C
A 7 9 11 13 3 0 0 0 1 0 3 1 9 7 1 0 0 0 0 0 C
A 8 9 11 12 3 0 0 0 1 0 2 1 10 7 1 0 0 0 0 0 C
C 9 8 11 12 2 0 0 0 1 0 2 1 10 7 1 0 0 0 0 0 C
G 9 7 12 12 2 0 0 0 1 0 3 1 10 6 1 0 0 0 0 0 C
T 8 7 12 13 2 0 0 0 1 0 4 0 10 6 0 0 0 0 0 0 C
G 8 8 11 13 3 0 0 0 1 0 4 0 10 6 0 0 0 0 0 0 C
G 7 8 11 14 3 0 0 0 1 0 5 0 10 5 0 0 0 0 0 0 C
G 7 8 11 14 3 0 0 0 1 0 5 0 10 5 0 0 0 0 0 0 C
C 7 7 11 15 2 0 0 0 1 0 5 0 10 5 0 0 0 0 0 0 C
C 7 7 12 14 2 0 0 0 1 0 5 1 9 5 0 0 0 0 0 0 C
G 7 7 13 13 2 0 0 0 1 0 5 1 9 5 0 0 0 0 0 0 C
G 7 7 13 13 2 0 0 0 1 0 5 2 9 4 1 0 0 0 0 0 C
C 7 7 12 14 2 0 0 0 1 0 5 2 9 4 1 0 0 0 0 0 C
C 7 7 12 14 2 0 0 0 1 0 6 2 8 4 1 0 0 0 0 0 C
C 6 7 13 14 2 0 0 0 1 0 6 2 7 5 1 0 0 0 0 0 C
C 6 6 14 14 2 0 0 0 1 0 6 2 7 5 1 0 0 0 0 0 C
C 6 5 15 14 2 0 0 0 1 0 6 3 6 5 1 0 0 0 0 0 C
A 6 5 16 13 2 0 0 0 1 0 5 3 6 6 1 0 0 0 0 0 C
G 6 5 16 13 2 0 0 0 0 0 5 3 7 5 1 0 0 0 0 0 C
A 6 5 15 14 2 0 0 0 0 0 4 3 8 5 1 0 0 0 0 0 C
C 6 5 15 14 2 0 0 0 0 0 4 4 7 5 1 0 0 0 0 0 C
C 6 5 16 13 2 0 0 0 0 0 5 4 6 5 1 0 0 0 0 0 C
C 6 5 16 13 2 0 0 0 0 0 6 4 5 5 1 0 0 1 0 0 C
A 5 5 17 13 2 0 0 0 0 0 5 4 5 6 1 0 0 1 0 0 C
A 6 5 17 12 2 0 0 0 0 0 5 4 5 6 1 0 0 1 0 0 C
G 7 5 16 12 2 0 0 0 0 0 6 4 5 5 1 0 0 1 0 0 C
A 7 5 16 12 2 0 0 0 0 0 6 4 5 5 1 0 0 1 0 0 C
G 8 5 15 12 2 0 0 0 0 0 6 5 5 4 1 0 0 1 0 0 C
C 8 5 14 13 2 0 0 0 0 0 6 5 5 4 1 0 0 1 0 0 C
T 8 5 15 12 2 0 0 0 0 0 7 4 5 4 1 0 0 1 0 0 C
G 8 5 15 12 1 0 0 0 0 0 7 5 5 3 1 0 0 1 0 0 C
T 8 4 15 13 1 0 0 0 0 0 7 4 5 4 0 0 1 1 0 0 C
C 8 4 15 13 2 0 0 0 0 0 7 4 4 5 0 0 1 1 0 0 C
A 8 4 15 13 2 0 0 0 0 0 6 4 5 5 0 0 1 1 0 0 C
G 9 4 14 13 2 0 0 0 0 0 7 4 5 4 0 0 1 1 0 0 C
C 9 4 14 13 2 0 0 0 0 0 7 5 4 4 0 0 1 1 0 0 C
T 8 4 15 13 2 0 0 0 0 0 7 5 4 4 0 0 1 1 0 0 C
G 8 5 14 13 2 0 0 0 0 0 8 5 4 3 0 0 1 1 0 0 C
C 8 4 14 14 2 0 0 0 0 0 8 5 3 4 0 0 1 1 0 1 C
C 8 4 15 13 2 0 0 0 0 0 8 5 3 4 0 0 1 1 0 1 C
T 8 4 16 12 2 0 0 0 0 0 9 4 3 4 0 0 1 1 0 1 C
A 7 5 16 12 2 0 0 0 0 0 8 4 4 4 0 0 1 1 0 1 C
A 7 5 16 12 2 0 0 0 0 0 8 4 4 4 0 0 1 0 0 1 C
G 8 5 15 12 2 0 0 1 0 0 8 4 4 4 0 0 1 0 0 1 C
A 8 5 15 12 2 0 0 1 0 0 7 4 5 4 0 0 1 0 0 1 C
A 9 4 15 12 1 0 0 1 0 0 6 4 6 4 0 0 1 0 0 1 C
A 10 4 15 11 1 0 0 1 0 0 5 4 7 4 0 0 1 0 0 1 C
T 11 4 15 10 1 0 0 1 0 0 6 3 7 4 0 0 1 0 0 1 C
C 11 5 15 9 1 0 0 1 0 0 6 4 6 4 0 0 1 0 0 1 C
A 11 5 15 9 1 0 0 1 0 0 6 4 6 4 0 0 1 0 0 1 C
T 12 5 14 9 1 0 0 1 0 0 7 3 6 4 0 0 1 1 0 1 C
G 12 6 14 8 1 0 0 1 0 0 7 3 6 4 0 0 0 1 0 1 C
G 12 6 14 8 1 0 1 1 0 0 7 3 6 4 0 0 0 1 0 1 C
C 12 6 13 9 1 0 1 1 0 0 7 3 6 4 0 0 0 1 0 1 C
A 12 6 13 9 1 0 1 1 0 0 7 3 6 4 0 0 0 1 0 1 C
T 13 6 12 9 1 0 1 1 0 0 8 2 6 4 0 0 0 1 0 1 C
T 13 7 11 9 1 0 1 1 0 0 8 1 6 5 0 0 0 1 0 1 C
A 13 8 10 9 1 0 1 1 0 0 8 1 6 5 0 0 0 1 0 1 C
G 13 8 10 9 1 0 1 1 0 0 8 1 7 4 0 0 0 1 0 0 C
C 13 8 10 9 1 0 1 1 0 1 9 1 6 4 0 0 0 1 0 0 C
A 12 8 11 9 1 0 1 1 0 1 8 1 6 5 0 0 0 1 0 0 C
C 13 8 10 9 1 0 1 1 0 1 8 1 5 6 0 0 0 1 0 0 C
A 13 8 10 9 1 0 1 1 0 1 7 2 5 6 1 0 0 1 0 0 C
G 14 8 9 9 1 0 1 1 0 1 8 2 5 5 1 0 0 1 0 0 C
C 13 8 9 10 1 0 1 1 0 1 8 2 4 6 1 0 0 1 0 1 C
C 12 8 10 10 1 0 1 1 0 1 9 2 3 6 1 0 0 1 0 1 C
C 12 8 11 9 1 0 1 1 0 1 10 2 2 6 1 0 0 1 0 1 C
A 11 8 12 9 1 0 1 1 0 1 10 2 2 6 1 0 0 1 0 1 C
T 12 8 12 8 1 0 1 1 0 1 11 1 2 6 1 0 0 1 0 1 C
A 12 9 11 8 1 0 1 1 0 1 10 1 2 7 1 0 0 1 0 1 C
A 13 8 11 8 1 0 1 1 0 1 10 1 2 7 1 0 0 0 0 1 C
G 14 8 11 7 1 0 1 2 0 1 10 2 2 6 1 0 0 0 0 1 C
G 14 7 11 8 0 0 1 2 0 1 10 2 3 5 1 0 0 0 0 1 C
C 14 7 10 9 0 0 1 2 0 1 10 3 2 5 1 0 0 0 0 1 C
A 13 7 11 9 0 0 1 2 0 1 9 3 3 5 1 0 0 0 0 1 C
A 14 7 11 8 0 0 1 2 0 1 8 3 3 6 1 0 0 0 0 1 C
G 15 7 10 8 0 0 1 2 0 1 8 4 3 5 2 0 0 0 0 1 C
A 15 6 10 9 0 0 1 2 0 1 7 5 3 5 2 0 0 0 0 1 C
C 16 6 10 8 0 0 1 2 0 1 7 6 2 5 2 0 0 0 0 1 C
A 16 6 10 8 0 0 1 2 0 1 7 6 2 5 2 0 0 0 0 1 C
G 17 6 9 8 0 0 1 2 0 1 8 6 2 4 2 0 0 1 0 1 C
G 17 5 9 9 0 0 1 2 0 1 8 7 2 3 2 0 0 1 0 1 N
T 16 5 9 10 0 0 1 2 0 1 8 7 2 3 1 0 0 1 0 1 N
A 15 6 9 10 1 0 1 1 0 1 7 8 2 3 1 0 0 1 0 1 N
G 16 6 9 9 1 0 1 1 0 1 7 8 3 2 1 0 0 1 0 0 N
A 15 6 9 10 1 0 1 1 0 2 6 9 3 2 1 0 0 1 0 0 N
A 15 6 9 10 1 0 1 1 0 2 6 9 3 2 1 0 0 1 0 0 N
A 15 6 9 10 1 0 1 1 0 2 5 9 4 2 1 0 0 1 0 0 N
A 16 5 9 10 1 0 1 1 0 2 4 10 4 2 1 0 0 1 0 0 N
G 17 5 8 10 1 0 1 1 0 2 5 10 4 1 1 0 0 1 0 0 N
A 16 5 8 11 1 0 1 1 0 2 4 10 5 1 1 0 0 1 0 0 N
T 17 4 8 11 1 0 1 1 0 2 5 9 5 1 1 0 0 1 0 0 N
C 17 5 8 10 1 0 0 1 0 2 5 10 4 1 1 0 0 1 0 0 N
T 17 5 9 9 1 0 0 1 0 2 6 9 4 1 1 0 0 1 0 0 N
C 17 6 8 9 1 0 0 1 0 2 6 9 3 2 1 0 0 1 0 1 N
G 16 6 9 9 1 0 0 1 0 2 7 9 3 1 1 0 0 1 0 1 N
T 16 5 9 10 1 0 0 1 0 2 8 8 3 1 0 0 0 1 0 1 N
T 16 5 9 10 2 0 0 1 0 2 8 8 3 1 0 0 0 1 0 1 N
T 15 6 9 10 2 0 0 1 0 2 8 7 4 1 0 0 0 1 0 1 N
A 15 7 9 9 2 0 0 1 0 1 7 7 5 1 0 0 0 1 0 1 N
A 16 7 8 9 2 0 0 1 0 1 6 7 6 1 0 0 0 0 0 1 N
T 16 7 8 9 2 0 0 2 0 1 7 6 6 1 0 0 0 0 0 1 N
T 16 8 7 9 2 0 0 2 0 1 7 6 6 1 0 0 0 0 0 1 N
T 15 9 7 9 2 0 0 2 0 1 7 6 6 1 0 0 0 0 0 1 N
C 15 10 7 8 2 0 0 2 0 1 8 6 5 1 0 0 0 0 0 1 N
T 15 10 7 8 2 0 0 2 0 1 8 5 6 1 0 0 0 0 0 1 N
A 15 11 6 8 2 0 0 2 0 1 7 6 6 1 0 0 0 0 0 1 N
C 16 11 5 8 2 0 0 2 0 1 7 7 5 1 0 0 0 0 0 1 N
T 15 11 6 8 2 0 0 2 0 1 7 6 5 2 0 0 0 0 0 1 N
A 15 11 6 8 2 0 0 2 0 1 7 6 5 2 0 0 0 0 1 1 N
C 15 11 6 8 2 0 0 2 0 1 7 6 4 3 0 0 0 0 1 1 N
A 14 11 7 8 2 0 0 1 0 1 7 6 4 3 0 0 0 0 1 1 N
T 15 11 7 7 2 0 0 1 0 1 7 5 4 4 0 0 0 0 1 1 N
A 15 12 7 6 2 0 0 1 0 1 6 6 4 4 1 0 0 0 1 1 N
G 16 12 6 6 2 0 0 1 0 1 6 6 5 3 1 0 0 0 1 0 N
A 15 12 6 7 2 0 0 1 0 2 5 7 5 3 1 0 0 0 1 0 N
A 15 12 6 7 2 0 0 1 0 2 4 7 5 4 1 0 0 0 1 0 N
T 16 12 6 6 2 0 0 1 0 2 5 6 5 4 1 0 0 0 2 0 N
C 15 13 6 6 2 0 0 1 0 2 5 6 5 4 1 0 0 0 2 0 N
C 15 13 6 6 2 0 0 1 0 2 5 6 5 4 1 0 0 0 2 0 N
C 14 13 7 6 2 0 0 1 0 2 6 6 4 4 1 0 0 0 2 0 N
A 14 13 8 5 2 0 0 1 0 2 5 6 5 4 1 0 0 0 2 0 N
T 15 13 8 4 2 0 0 1 0 2 5 5 6 4 1 0 0 0 2 0 N
T 15 13 8 4 1 0 0 1 0 2 5 4 7 4 1 0 0 0 2 0 N
A 14 14 8 4 1 0 0 1 0 2 4 5 7 4 1 0 0 0 2 0 N
C 15 14 8 3 1 0 0 1 0 1 4 5 6 5 1 0 0 0 2 0 N
T 14 14 9 3 1 0 0 1 0 1 4 5 6 5 2 0 0 0 2 0 N
T 13 15 9 3 1 0 0 1 0 1 4 4 6 6 2 0 0 0 2 0 N
G 12 16 9 3 1 0 0 1 0 1 4 5 6 5 3 0 0 0 2 0 N
A 11 16 9 4 1 0 0 1 0 1 3 5 6 6 3 0 0 0 1 0 N
G 12 16 9 3 1 0 0 1 1 1 3 6 6 5 4 0 0 0 1 0 N
A 11 16 9 4 1 0 0 1 1 1 2 7 6 5 4 0 0 0 1 0 N
G 12 15 9 4 1 0 0 1 1 1 2 7 6 5 4 0 0 0 1 0 N
T 12 15 8 5 1 0 0 1 1 1 2 6 7 5 3 0 0 0 1 0 N
C 12 15 8 5 2 0 0 1 1 1 3 6 6 5 3 0 0 0 1 0 N
T 12 15 8 5 2 0 0 1 1 1 3 5 6 6 3 0 0 0 1 0 N
G 12 16 8 4 2 0 0 1 1 1 3 5 7 5 3 0 0 0 1 0 N
A 12 15 8 5 1 0 0 1 1 1 3 5 7 5 3 0 0 0 0 0 N
C 13 14 8 5 1 0 0 1 2 1 3 6 6 5 3 0 0 0 0 0 N
C 13 13 9 5 1 0 0 1 2 1 3 6 5 6 3 0 1 0 0 0 N
A 12 13 10 5 1 0 0 1 2 1 2 7 5 6 4 0 1 0 0 0 N
C 12 13 10 5 1 0 0 0 2 1 3 7 4 6 4 0 1 0 0 0 N
C 12 12 11 5 1 0 0 0 2 1 3 8 3 6 4 0 1 0 0 0 N
C 12 11 12 5 1 0 0 0 2 1 3 9 2 6 4 0 1 0 0 0 N
T 12 10 13 5 1 0 0 0 2 1 3 9 2 6 4 0 1 0 0 0 N
G 12 11 12 5 1 0 0 0 2 1 3 9 2 6 4 0 1 0 0 0 N
T 12 10 12 6 1 0 0 0 2 1 3 8 2 7 3 0 1 0 0 0 N
G 11 11 12 6 2 0 0 0 2 1 3 9 2 6 4 0 1 0 0 0 N
T 11 11 11 7 2 0 0 0 2 1 3 9 2 6 3 0 1 0 0 0 N
G 11 11 11 7 3 0 0 0 2 1 3 9 2 6 3 0 1 0 0 0 N
T 10 11 11 8 3 0 0 0 2 1 3 8 2 7 2 0 1 0 0 0 N
T 10 12 10 8 4 0 0 0 2 1 3 7 2 8 2 0 1 0 0 0 N
G 9 13 10 8 4 0 0 0 2 1 3 7 2 8 2 0 1 0 0 0 N
C 9 12 10 9 4 0 0 0 2 1 3 7 1 9 2 0 1 0 0 0 N
A 8 12 11 9 4 0 0 0 2 1 2 7 2 9 2 0 1 0 0 0 N
G 9 12 11 8 4 0 0 0 2 0 2 7 2 9 2 0 1 0 0 0 N
C 8 12 11 9 4 0 0 0 2 0 3 7 1 9 2 0 1 0 0 0 N
A 7 12 12 9 4 0 0 0 2 0 2 7 2 9 2 0 1 0 0 0 N
T 8 11 12 9 4 0 0 0 2 0 2 7 2 9 2 0 1 0 0 0 N
G 8 12 11 9 4 0 0 0 2 0 2 7 2 9 2 0 0 0 0 0 N
T 8 12 10 10 4 0 1 0 2 0 2 6 3 9 1 0 0 0 0 0 N
A 8 13 9 10 5 0 1 0 2 0 2 6 3 9 1 0 0 0 0 0 N
T 8 13 9 10 5 0 1 0 2 0 2 6 3 9 1 0 0 0 0 0 N
T 8 13 9 10 5 0 1 0 2 0 3 5 3 9 1 0 0 0 0 0 N
T 8 13 9 10 5 0 1 0 2 0 3 4 3 10 1 0 0 0 0 1 N
G 7 14 9 10 5 0 1 0 2 0 4 4 3 9 1 0 0 0 0 1 N
G 7 14 8 11 5 0 1 0 2 0 4 4 4 8 1 0 0 0 0 1 N
T 7 13 8 12 5 0 1 0 2 0 4 4 4 8 0 0 0 0 0 1 N
T 7 13 8 12 6 0 1 0 2 0 4 4 4 8 0 0 0 0 0 1 N
G 7 14 8 11 6 0 1 0 2 0 5 4 4 7 0 0 0 0 0 1 N
G 6 14 8 12 6 0 1 0 1 0 5 4 4 7 0 0 0 0 0 2 N
G 6 14 8 12 6 0 1 0 1 0 5 4 4 7 0 0 0 0 0 2 N
G 5 14 8 13 6 0 1 0 1 0 5 5 4 6 1 0 0 0 0 2 N
G 5 14 8 13 6 0 1 0 1 0 5 6 4 5 1 0 0 0 0 2 N
C 5 13 8 14 5 0 1 0 1 0 6 6 3 5 1 0 0 0 0 2 N
G 5 13 8 14 5 0 1 0 1 0 7 6 3 4 1 0 0 1 0 2 N
A 5 12 8 15 5 0 1 0 1 0 6 7 3 4 1 0 0 1 0 2 N
C 6 12 8 14 5 0 1 0 1 0 6 7 2 5 1 0 1 1 0 2 N
T 5 12 9 14 5 0 1 0 0 0 7 6 2 5 1 0 1 1 1 2 N
G 5 13 8 14 5 0 1 0 0 0 7 6 2 5 1 0 1 1 1 2 N
C 5 13 7 15 5 0 1 0 0 0 7 7 1 5 2 0 1 1 1 2 N
A 4 13 8 15 5 0 1 0 0 0 6 8 1 5 2 0 1 1 1 2 N
T 5 13 7 15 5 0 1 0 0 0 7 7 1 5 2 0 1 1 1 2 N
A 5 14 6 15 5 0 1 0 0 0 7 7 1 5 2 0 1 2 1 2 N
G 6 14 5 15 5 0 1 0 0 0 7 7 2 4 2 0 1 2 1 1 N
A 6 13 5 16 5 0 1 0 0 1 7 7 2 4 2 0 1 2 1 1 N
C 7 13 5 15 5 0 1 0 0 1 7 8 1 4 2 0 1 2 1 1 N
T 7 12 6 15 4 0 1 0 0 1 8 7 1 4 2 0 1 2 1 1 N
T 7 13 6 14 4 0 1 0 0 1 8 7 1 4 2 0 1 2 1 1 N
A 7 13 6 14 3 0 1 0 0 1 8 7 1 4 2 0 1 2 1 1 N
G 8 13 6 13 3 0 1 0 0 1 9 7 1 3 2 0 1 3 1 0 N
G 8 12 6 14 2 0 1 0 0 2 9 8 1 2 2 0 1 3 1 0 N
T 8 11 6 15 2 0 1 0 0 2 9 8 1 2 1 0 1 3 1 0 N
T 8 12 6 14 3 0 1 0 0 2 10 7 1 2 1 0 1 3 1 0 N
A 8 13 5 14 3 0 1 0 0 2 9 7 2 2 1 0 1 3 1 0 N
A 8 13 5 14 3 0 1 0 0 2 9 7 2 2 1 0 1 2 1 0 N
T 9 13 5 13 3 0 1 1 0 2 9 7 2 2 1 0 1 2 1 0 N
G 9 14 4 13 3 0 1 1 0 2 9 7 2 2 1 0 1 2 1 0 N
A 8 14 4 14 3 0 2 1 0 2 8 8 2 2 2 0 1 2 0 0 N
G 9 13 4 14 3 0 2 1 1 2 8 9 2 1 2 0 1 2 0 0 N
T 9 13 4 14 3 0 1 1 1 2 8 9 2 1 1 0 1 2 0 0 N
T 9 13 4 14 3 0 1 1 1 2 8 9 2 1 1 0 1 2 0 0 N
A 8 14 4 14 3 0 1 1 1 2 7 10 2 1 1 0 1 2 0 0 N
A 9 13 4 14 3 0 1 1 1 2 6 11 2 1 1 0 1 1 0 0 N
C 10 12 4 14 3 0 1 2 1 2 6 12 1 1 1 0 1 1 0 0 N
A 10 11 5 14 3 0 1 2 1 2 5 13 1 1 1 0 1 1 0 0 N
T 11 11 5 13 3 0 1 2 1 2 5 13 1 1 1 0 1 1 0 0 N
A 11 12 5 12 3 0 1 2 1 2 4 14 1 1 1 0 1 1 0 0 N
T 12 11 5 12 2 0 1 2 1 2 4 13 2 1 1 0 1 1 0 0 N
A 12 11 5 12 2 0 1 2 1 2 4 13 2 1 1 0 1 1 0 0 N
A 13 11 5 11 2 0 1 2 1 2 4 13 2 1 1 0 1 0 0 0 N
T 14 11 5 10 2 0 1 3 1 2 4 12 3 1 1 0 1 0 0 0 N
T 14 12 5 9 2 0 1 3 1 2 4 12 3 1 1 0 1 0 0 0 N
A 14 13 5 8 2 0 1 3 1 2 4 12 3 1 1 0 1 0 0 0 N
C 15 13 5 7 2 0 1 3 1 2 4 12 3 1 1 0 1 0 0 0 N
A 15 13 5 7 2 0 1 3 1 2 4 12 3 1 1 0 1 0 0 0 N
T 16 13 5 6 2 0 1 3 1 2 4 11 3 2 1 0 1 0 0 0 N
G 15 14 5 6 2 0 1 3 1 2 4 12 3 1 2 0 0 0 0 0 N
T 15 14 4 7 2 0 2 3 1 2 4 12 3 1 1 0 0 0 0 0 N
T 15 14 4 7 3 0 2 3 1 2 4 12 3 1 1 0 0 0 0 0 N
T 15 15 4 6 3 0 2 3 1 2 4 12 3 1 1 0 0 0 0 0 N
T 15 16 3 6 3 0 2 3 1 2 4 11 3 2 1 0 0 0 0 0 N
T 14 17 3 6 3 0 2 3 1 2 4 11 3 2 2 0 0 0 0 0 N
T 14 17 3 6 3 0 2 3 1 2 5 10 3 2 2 0 0 0 0 0 N
T 13 18 3 6 3 0 2 3 1 2 5 10 3 2 2 0 0 0 0 0 N
T 13 19 3 5 3 0 2 3 1 1 5 9 3 3 2 0 1 0 0 0 N
T 12 20 3 5 3 0 2 3 1 1 5 8 3 4 2 0 1 0 0 0 N
T 12 21 2 5 3 0 2 3 1 1 6 7 3 4 2 0 1 0 0 0 N
C 12 21 2 5 3 0 2 3 1 1 6 8 2 4 2 0 1 0 0 0 N
A 12 20 3 5 3 0 2 3 1 1 6 8 2 4 2 0 1 0 0 0 N
A 12 20 3 5 3 0 2 3 1 1 5 9 2 4 2 0 1 0 0 0 N
C 13 20 3 4 3 0 2 3 1 0 6 9 1 4 2 0 1 0 0 0 N
T 13 20 4 3 3 0 2 3 1 0 7 8 1 4 2 0 1 1 0 0 N
A 13 20 4 3 2 0 2 3 1 0 6 9 1 4 2 0 1 1 0 0 N
C 14 19 4 3 2 0 2 3 1 0 6 9 1 4 2 0 1 1 0 0 N
A 13 19 5 3 2 0 2 3 1 0 6 9 1 4 2 0 1 1 0 0 N
G 13 19 5 3 2 0 2 2 1 0 6 9 2 3 2 0 1 1 0 0 N
T 13 18 5 4 2 0 2 2 1 0 6 9 2 3 1 0 1 1 0 0 N
T 13 19 5 3 3 0 1 2 1 0 6 8 2 4 1 0 1 1 0 0 N
T 12 20 5 3 3 0 1 2 0 0 6 7 3 4 1 0 1 1 0 0 N
T 12 21 5 2 3 0 1 2 0 0 6 7 3 4 1 0 1 1 0 0 N
G 12 21 5 2 2 0 1 2 0 0 6 8 3 3 1 0 1 1 0 0 N
T 12 20 5 3 2 0 1 2 0 0 6 8 3 3 0 0 1 1 0 0 N
A 11 21 5 3 3 0 1 2 0 0 5 9 3 3 0 0 1 1 0 0 N
T 11 21 5 3 3 0 1 1 0 0 5 9 3 3 0 0 1 1 0 0 N
G 11 22 4 3 3 0 1 1 0 0 5 9 3 3 0 0 0 1 0 0 N
G 10 22 4 4 3 0 2 1 0 0 6 9 3 2 0 0 0 1 1 0 N
A 10 21 4 5 3 0 2 1 0 0 5 9 4 2 0 0 0 1 1 0 N
T 10 21 4 5 3 0 2 1 0 0 5 9 4 2 0 0 0 1 1 0 N
A 10 21 4 5 3 0 2 1 0 0 4 10 4 2 0 0 0 1 1 0 N
T 10 21 4 5 3 0 2 1 0 0 4 10 4 2 0 0 0 1 1 0 N
A 9 22 4 5 3 0 2 0 0 0 3 11 4 2 0 0 0 1 1 0 N
A 10 21 4 5 3 0 2 0 0 0 2 12 4 2 0 0 0 0 1 0 N
T 11 20 4 5 3 0 2 1 0 0 3 11 4 2 0 0 0 0 1 0 N
C 10 21 4 5 3 0 2 1 0 0 4 11 3 2 0 0 0 1 1 0 N
A 10 21 4 5 3 0 2 1 0 0 3 12 3 2 0 0 0 1 1 0 N
C 10 21 4 5 3 0 2 1 0 0 3 13 2 2 0 0 0 1 1 0 N
T 10 20 5 5 3 0 2 1 0 0 3 12 2 3 0 0 0 1 1 0 N
G 10 21 5 4 3 0 1 1 0 0 3 13 2 2 1 0 0 1 1 0 N
C 10 20 5 5 2 0 1 1 0 0 4 13 1 2 1 0 0 1 1 0 N
T 10 19 6 5 2 0 1 1 0 0 4 12 1 3 1 0 0 1 1 1 N
T 10 19 6 5 2 0 1 1 0 0 5 11 1 3 1 0 0 1 1 1 N
T 10 19 6 5 2 0 1 1 0 0 5 11 1 3 1 0 0 1 1 1 N
T 10 19 6 5 2 0 1 1 0 0 5 11 1 3 1 0 0 1 1 1 N
T 10 19 6 5 2 0 1 1 0 0 6 10 1 3 1 0 0 1 1 1 N
G 10 19 6 5 2 0 1 1 0 0 6 10 2 2 1 0 0 1 1 1 N
A 10 18 6 6 2 0 1 1 0 0 6 10 2 2 1 0 0 1 0 1 N
C 11 17 6 6 2 0 1 1 1 0 7 10 1 2 1 0 0 1 0 1 N
T 11 16 7 6 2 0 1 1 1 0 8 9 1 2 1 0 0 1 0 1 N
T 11 17 6 6 2 0 1 1 1 0 9 8 1 2 1 0 0 1 0 1 N
T 10 18 6 6 2 0 1 1 1 0 9 7 1 3 1 0 0 1 0 1 N
T 9 19 6 6 2 0 1 1 1 0 10 6 1 3 1 0 0 1 0 1 N
T 9 20 5 6 2 0 1 1 1 0 11 5 1 3 1 0 0 1 0 1 N
A 9 20 5 6 2 0 1 1 1 0 10 5 1 4 1 0 0 1 0 1 N
A 9 20 5 6 2 0 1 1 1 0 10 5 1 4 1 0 0 0 0 1 N
T 10 20 4 6 2 0 1 2 1 0 10 4 2 4 1 0 0 0 0 1 N
T 9 21 4 6 2 0 1 2 1 0 10 4 2 4 1 0 0 0 0 1 N
G 9 22 4 5 2 0 1 2 1 0 10 5 2 3 1 0 0 0 0 1 N
T 9 21 4 6 1 0 1 2 1 0 10 5 2 3 0 0 0 0 0 1 N
A 9 21 4 6 2 0 1 2 1 0 9 5 2 4 0 0 0 0 0 1 N
G 10 20 4 6 2 0 1 2 1 0 9 5 3 3 0 0 0 0 0 0 N
A 10 19 4 7 2 0 1 2 1 1 8 5 4 3 0 0 0 0 0 0 C
T 11 19 4 6 2 0 1 2 1 1 9 4 4 3 0 0 0 0 0 0 C
T 11 19 4 6 1 0 1 2 1 1 9 3 5 3 0 0 0 0 0 0 C
A 10 20 4 6 1 0 1 2 1 1 9 3 5 3 0 0 0 0 0 0 C
C 11 19 4 6 1 0 1 2 1 1 9 4 4 3 0 0 0 0 0 0 C
A 11 19 5 5 1 0 0 2 1 1 8 5 4 3 0 0 0 0 0 0 C
A 12 19 5 4 1 0 0 2 1 1 7 5 5 3 0 0 0 0 0 0 C
A 12 19 5 4 1 0 0 2 1 1 6 5 5 4 0 0 0 0 0 0 C
A 13 18 5 4 1 0 0 2 1 1 6 5 5 4 0 0 0 0 0 0 C
G 13 18 5 4 1 0 0 2 1 1 6 6 5 3 0 0 0 0 0 0 C
A 13 17 5 5 1 0 0 2 1 1 5 7 5 3 0 0 0 0 0 0 C
A 13 17 5 5 1 0 0 2 1 1 5 7 5 3 0 0 0 0 0 0 C
G 13 17 5 5 1 0 0 1 1 1 5 8 5 2 0 0 0 0 0 0 C
A 13 16 5 6 1 0 0 1 1 1 5 8 5 2 0 0 0 0 0 0 C
C 14 16 4 6 1 0 0 1 1 1 5 9 4 2 0 0 0 0 0 0 C
T 13 16 5 6 1 0 0 1 1 1 6 8 4 2 0 0 0 0 0 0 C
T 13 17 4 6 1 0 0 1 1 1 6 7 5 2 0 0 0 0 0 0 C
T 13 17 4 6 1 0 0 1 1 1 6 7 5 2 0 0 0 0 0 0 C
G 13 18 4 5 1 0 0 1 1 1 7 7 5 1 0 0 0 0 0 0 C
C 13 18 3 6 1 0 0 1 1 1 7 8 4 1 0 0 0 0 0 0 C
C 13 17 4 6 1 0 0 1 1 1 7 8 3 2 0 0 1 0 0 0 C
A 13 16 5 6 1 0 0 1 1 1 6 9 3 2 1 0 1 0 0 0 C
C 14 15 5 6 1 0 0 1 1 1 7 9 2 2 1 0 1 0 0 0 C
A 14 14 6 6 1 0 0 1 1 1 6 10 2 2 1 0 1 0 0 0 C
T 15 13 6 6 1 0 0 1 1 1 6 9 2 3 1 0 2 0 0 0 C
T 15 14 6 5 1 0 0 1 1 1 6 8 2 4 1 0 2 0 0 0 C
C 14 15 6 5 1 0 0 1 0 1 7 8 1 4 1 0 2 0 0 0 C
G 14 15 6 5 1 0 0 1 0 1 7 9 1 3 1 0 2 0 0 0 C
A 14 14 6 6 1 0 0 1 0 1 6 9 1 4 1 0 3 0 0 0 C
T 15 13 6 6 1 0 0 1 0 1 7 8 1 4 1 0 3 0 1 0 C
T 15 13 6 6 1 0 0 1 0 1 8 7 1 4 1 0 3 0 1 0 C
A 15 13 6 6 1 0 0 1 0 1 8 7 1 4 1 0 3 0 1 0 C
T 16 12 6 6 1 0 0 1 0 1 8 6 1 5 1 0 3 0 1 0 C
A 15 13 6 6 1 0 0 1 0 1 7 6 2 5 1 0 3 0 1 0 C
T 15 13 6 6 1 0 0 0 0 1 8 5 2 5 1 0 3 0 1 0 C
A 15 13 6 6 1 0 0 0 0 1 8 5 2 5 1 0 3 0 1 0 C
C 16 12 6 6 1 0 0 0 0 1 8 6 1 5 1 0 3 0 1 0 C
T 16 12 7 5 1 0 0 0 0 1 8 5 2 5 1 0 3 0 1 0 C
A 16 12 7 5 0 0 0 0 0 1 7 6 2 5 1 0 3 0 1 0 C
T 16 12 7 5 0 0 0 0 0 1 7 5 2 6 1 0 3 0 1 0 C
G 16 13 7 4 0 0 0 0 0 0 8 5 2 5 1 0 2 0 2 0 C
T 15 13 7 5 0 0 1 0 0 0 8 4 2 6 0 0 2 0 2 0 C
A 15 13 7 5 1 0 1 0 0 0 7 4 2 7 0 0 2 0 2 0 C
T 16 12 7 5 1 0 1 0 0 0 7 4 2 7 1 0 2 0 2 0 C
G 15 13 7 5 1 0 1 0 0 0 8 4 2 6 1 0 1 0 2 0 C
G 15 13 6 6 1 0 2 0 0 0 9 4 2 5 1 0 1 1 2 0 C
A 14 13 6 7 1 0 2 0 0 0 8 5 2 5 1 0 1 1 2 0 C
T 14 13 6 7 1 0 2 0 0 0 8 4 3 5 1 0 1 1 2 0 C
G 13 14 6 7 1 0 2 0 0 0 9 4 3 4 1 0 0 1 2 0 C
A 12 14 6 8 1 0 3 0 0 0 8 5 3 4 1 0 0 1 1 0 C
A 13 14 6 7 1 0 3 0 1 0 8 5 3 4 1 0 0 1 1 0 C
A 13 14 6 7 1 0 3 0 1 0 7 6 3 4 1 0 0 1 1 0 C
G 13 14 6 7 1 0 3 0 1 0 8 6 3 3 1 0 0 1 1 0 C
C 13 14 6 7 1 0 3 0 1 0 8 7 2 3 1 0 0 1 1 0 C
A 12 14 7 7 1 0 3 0 1 0 8 7 2 3 1 0 0 1 1 0 C
A 13 14 6 7 1 0 3 0 1 0 7 8 2 3 1 0 0 1 1 0 C
T 14 13 6 7 1 0 3 0 1 0 7 8 2 3 1 0 0 1 1 0 C
C 14 13 6 7 1 0 3 0 1 0 7 9 1 3 1 0 0 1 1 0 C
T 14 12 7 7 1 0 3 0 1 0 7 8 1 4 1 0 0 1 1 0 C
G 14 13 7 6 1 0 3 0 1 0 7 9 1 3 2 0 0 1 1 0 C
A 14 13 6 7 1 0 3 0 1 0 6 10 1 3 2 0 0 1 0 0 C
G 15 13 5 7 1 0 3 0 2 0 6 11 1 2 2 0 0 1 0 0 C
G 14 13 5 8 1 0 3 0 2 0 6 12 1 1 2 0 0 1 0 0 N
T 14 13 4 9 1 0 3 0 2 0 6 12 1 1 1 0 0 1 0 0 N
A 13 14 4 9 2 0 3 0 2 0 5 13 1 1 1 0 0 1 0 0 N
A 14 13 4 9 2 0 3 0 2 0 4 14 1 1 1 0 0 0 0 0 N
T 15 12 4 9 2 0 3 1 2 0 4 13 1 2 1 0 0 0 0 0 N
C 15 13 3 9 2 0 3 1 2 0 5 13 0 2 1 0 0 0 1 0 N
A 15 13 4 8 2 0 3 1 2 0 4 14 0 2 1 0 0 0 1 0 N
T 15 13 4 8 2 0 3 1 2 0 5 13 0 2 1 0 0 0 1 0 N
A 15 13 4 8 2 0 3 1 2 0 5 13 0 2 1 0 0 1 1 0 N
T 16 12 4 8 2 0 3 1 2 0 6 12 0 2 1 0 0 1 1 0 N
A 15 13 4 8 2 0 3 1 2 0 5 12 0 3 1 0 0 1 1 0 N
T 16 12 4 8 2 0 3 1 2 0 5 11 0 4 1 0 0 1 1 0 N
A 15 13 4 8 2 0 3 1 2 0 4 11 0 5 1 0 0 1 1 0 N
T 16 12 4 8 2 0 3 1 2 0 4 11 0 5 2 0 0 1 1 0 N
T 15 13 4 8 2 0 3 1 2 0 4 11 0 5 2 0 0 1 1 0 N
T 15 14 3 8 2 0 3 1 2 0 4 11 0 5 2 0 0 1 1 0 N
G 15 14 3 8 2 0 3 1 2 0 4 11 1 4 2 0 0 1 1 0 N
T 14 14 3 9 2 0 3 1 2 0 4 11 1 4 1 0 0 1 1 0 N
T 14 14 3 9 3 0 3 1 2 0 4 10 2 4 1 0 0 1 1 0 N
T 14 15 3 8 3 0 2 1 2 0 4 10 2 4 1 0 0 1 1 0 N
T 14 15 3 8 2 0 2 1 2 0 4 9 2 5 1 0 0 1 1 0 N
T 13 16 3 8 2 0 2 1 2 0 4 9 2 5 2 0 0 1 1 0 N
T 13 16 3 8 2 0 2 1 2 0 4 8 3 5 2 0 0 1 1 0 N
T 13 17 3 7 2 0 1 1 2 0 4 8 3 5 2 0 0 1 1 0 N
G 13 18 3 6 2 0 1 1 2 0 4 8 3 5 2 0 0 1 1 0 N
A 12 18 3 7 2 0 1 1 2 0 3 8 4 5 2 0 0 1 0 0 N
T 13 17 3 7 2 0 1 1 3 0 3 7 5 5 2 0 0 1 0 0 N
A 13 18 3 6 2 0 0 1 3 0 2 7 6 5 2 0 0 1 0 0 N
A 13 18 3 6 2 0 0 1 2 0 1 8 6 5 2 0 0 0 0 0 N
A 13 18 3 6 2 0 0 2 2 0 1 8 6 5 2 0 0 0 0 0 N
G 13 18 3 6 2 0 0 2 2 0 1 9 6 4 2 0 0 0 0 0 N
G 13 18 3 6 2 0 0 2 2 0 2 9 6 3 2 0 0 0 0 0 N
G 13 18 2 7 2 0 0 2 2 0 3 9 6 2 2 0 0 1 0 0 N
T 12 18 2 8 2 0 0 2 2 0 3 8 7 2 1 0 0 1 0 0 N
T 11 19 2 8 3 0 0 2 2 0 3 8 7 2 1 0 0 1 0 0 N
T 11 19 2 8 3 0 0 2 2 0 3 7 8 2 1 0 0 1 0 0 N
C 11 20 1 8 3 0 0 2 2 0 4 7 7 2 1 0 0 1 0 0 N
T 11 19 2 8 3 0 0 2 2 0 4 6 8 2 1 0 0 1 0 0 N
C 11 20 2 7 3 0 0 2 2 0 4 7 7 2 1 0 0 1 0 0 N
T 10 20 3 7 3 0 0 2 1 0 4 6 8 2 1 0 0 1 0 0 N
G 10 21 3 6 3 0 0 2 1 0 4 7 8 1 1 0 0 1 0 0 N
T 10 21 3 6 3 0 0 2 1 0 4 6 8 2 0 0 0 1 0 0 N
C 10 21 3 6 3 0 0 2 1 0 4 7 7 2 1 0 0 1 0 0 N
T 9 21 4 6 3 0 0 2 1 0 5 6 7 2 1 0 0 1 0 0 N
G 8 22 4 6 3 0 0 1 1 0 5 6 7 2 1 0 0 1 0 1 N
C 8 21 4 7 3 0 0 1 1 0 6 6 6 2 1 0 0 1 0 1 N
C 8 21 4 7 3 0 0 1 1 0 6 6 6 2 1 0 0 1 0 1 N
C 7 21 5 7 3 0 0 1 1 0 6 6 6 2 1 0 0 1 0 1 N
T 7 20 6 7 3 0 0 1 1 0 6 6 6 2 1 0 0 1 0 1 N
A 6 21 6 7 3 0 0 1 1 0 5 6 6 3 1 0 0 1 0 1 N
T 7 20 6 7 3 0 0 1 1 0 5 5 6 4 1 0 0 1 0 1 N
A 6 21 6 7 3 0 0 1 1 0 4 5 7 4 1 0 0 1 0 1 N
A 7 20 6 7 3 0 0 1 1 0 3 5 8 4 1 0 0 0 0 1 N
C 7 20 6 7 3 0 0 2 1 0 3 6 7 4 1 0 0 0 0 1 N
T 7 19 7 7 3 0 0 2 1 0 3 6 7 4 1 0 0 0 0 1 N
C 7 19 7 7 3 0 0 2 1 0 3 6 6 5 1 0 0 0 0 1 N
A 7 18 8 7 3 0 0 2 1 0 3 6 6 5 1 0 0 0 1 1 N
C 8 18 8 6 3 0 0 2 1 0 4 6 5 5 1 0 0 0 1 1 N
T 8 17 9 6 2 0 0 2 1 0 4 5 6 5 1 0 0 0 1 1 N
C 8 17 9 6 2 0 0 2 1 0 4 6 5 5 1 0 0 0 1 1 N
T 8 16 10 6 2 0 0 2 1 0 4 5 6 5 1 0 0 0 1 1 N
G 8 16 10 6 2 0 0 2 1 0 4 5 6 5 1 0 0 0 1 1 N
T 8 15 10 7 2 0 0 2 1 0 4 4 6 6 0 0 0 0 1 1 N
A 8 15 10 7 3 0 0 2 1 0 3 4 6 7 0 0 0 0 1 1 N
G 9 14 10 7 3 0 0 2 1 0 3 5 6 6 1 0 0 0 1 0 N
A 9 14 10 7 3 0 0 2 1 1 2 5 7 6 1 0 0 0 1 0 N
C 9 14 10 7 3 0 0 2 0 1 2 6 6 6 1 0 0 0 1 0 N
C 9 13 11 7 3 0 0 2 0 1 3 6 5 6 1 0 0 0 1 0 N
T 8 13 12 7 3 0 0 2 0 1 3 5 6 6 1 0 0 0 1 0 N
G 7 14 12 7 3 0 0 1 0 1 3 5 7 5 1 0 0 0 1 0 N
G 6 14 12 8 3 0 0 1 0 1 3 6 7 4 1 0 0 0 1 0 N
C 6 14 12 8 3 0 0 1 0 1 4 6 6 4 1 0 0 0 1 0 N
C 6 14 13 7 3 0 0 1 0 1 4 7 5 4 1 0 0 0 1 0 N
T 6 14 14 6 3 0 0 1 0 1 4 6 6 4 1 0 0 0 1 0 N
T 6 14 14 6 2 0 0 1 0 1 5 5 6 4 1 0 0 0 1 0 N
G 6 14 14 6 2 0 0 1 0 1 5 5 7 3 1 0 0 0 1 0 N
A 6 13 14 7 2 0 0 1 0 1 4 6 7 3 1 0 0 0 0 0 N
A 7 13 13 7 2 0 0 1 1 1 3 6 7 4 1 0 0 0 0 0 N
C 8 12 13 7 2 0 0 1 1 1 3 6 7 4 1 0 0 0 0 0 N
T 8 12 13 7 2 0 0 1 1 1 3 5 8 4 1 0 0 0 0 0 N
C 8 12 13 7 2 0 0 1 1 1 3 6 7 4 1 0 0 0 0 0 N
G 8 12 14 6 2 0 0 1 1 1 3 6 7 4 1 0 0 0 0 0 N
G 8 11 14 7 1 0 0 1 1 1 3 7 7 3 2 0 0 0 0 0 N
G 8 11 13 8 1 0 0 1 1 1 3 8 7 2 2 0 0 0 0 0 N
T 8 10 13 9 1 0 0 1 1 1 3 7 7 3 1 0 0 0 0 0 N
C 8 11 13 8 2 0 0 1 1 1 3 8 6 3 2 0 0 0 0 0 N
T 8 11 13 8 2 0 0 1 1 1 4 7 6 3 2 0 0 0 0 0 N
A 8 12 12 8 2 0 0 1 1 1 4 7 6 3 2 0 0 1 0 0 N
C 9 12 11 8 2 0 0 1 1 1 4 8 5 3 2 0 0 1 0 0 N
C 9 11 12 8 2 0 0 1 1 1 4 9 4 3 2 0 0 1 0 0 N
T 8 11 13 8 2 0 0 1 1 1 4 9 4 3 2 0 0 1 0 0 N
A 8 11 13 8 2 0 0 1 1 1 3 9 4 4 2 0 0 1 0 0 N
T 8 11 13 8 2 0 0 1 1 1 4 8 4 4 2 0 0 1 1 0 N
C 7 12 13 8 2 0 0 0 1 1 4 9 3 4 2 0 0 1 1 0 N
A 7 12 13 8 2 0 0 0 1 1 4 9 3 4 2 0 0 1 1 0 N
C 8 11 13 8 2 0 0 0 1 1 4 9 2 5 2 0 0 1 1 1 N
T 8 11 13 8 2 0 0 0 1 1 4 8 2 6 2 0 0 1 1 1 N
G 7 12 13 8 2 0 0 0 1 1 5 8 2 5 2 0 0 1 1 1 N
C 7 12 12 9 2 0 0 0 1 1 5 9 1 5 2 0 0 1 1 1 N
C 7 11 13 9 2 0 0 0 1 1 6 9 0 5 2 0 0 1 1 1 N
T 7 11 13 9 2 0 0 0 1 1 6 9 0 5 2 0 0 1 1 1 N
G 7 11 13 9 2 0 0 0 1 1 6 10 0 4 2 0 0 1 1 1 N
T 7 11 13 9 2 0 0 0 1 1 6 10 0 4 1 0 0 1 1 1 N
T 7 11 13 9 2 0 0 0 1 1 6 9 1 4 1 0 0 1 1 1 N
G 6 12 13 9 2 0 0 0 1 1 7 9 1 3 1 0 0 1 1 1 N
T 6 12 13 9 2 0 0 0 1 0 7 9 1 3 0 0 0 1 1 1 N
A 5 13 13 9 3 0 0 0 1 0 7 9 1 3 0 0 0 1 1 1 N
A 6 13 12 9 3 0 0 0 1 0 7 9 1 3 0 0 0 1 1 1 N
T 7 13 11 9 3 0 0 1 1 0 8 8 1 3 0 0 0 1 1 1 N
T 7 13 11 9 3 0 0 1 1 0 8 7 2 3 0 0 0 1 1 1 N
T 7 14 11 8 3 0 0 1 1 0 8 6 3 3 0 0 0 1 1 1 N
G 7 15 11 7 3 0 0 1 1 0 8 6 4 2 0 0 0 1 1 1 N
A 7 15 10 8 3 0 0 1 1 0 7 7 4 2 0 0 0 1 0 1 N
T 8 15 9 8 3 0 0 1 2 0 7 6 4 3 0 0 0 1 0 1 N
A 8 15 9 8 3 0 0 1 2 0 7 6 4 3 0 0 0 1 1 1 N
G 9 14 9 8 3 0 0 1 2 0 7 6 4 3 0 0 0 1 1 0 N
G 9 14 9 8 3 0 0 1 2 1 7 6 5 2 0 0 0 1 1 0 N
A 8 14 9 9 3 0 0 1 1 1 7 6 5 2 0 0 0 1 1 0 N
T 8 14 9 9 3 0 0 1 1 1 7 5 5 3 0 0 0 1 1 0 N
A 8 15 8 9 3 0 0 1 1 1 7 5 5 3 0 0 0 1 1 0 N
T 9 14 8 9 3 0 0 1 1 1 7 5 5 3 0 0 0 1 1 0 N
T 9 15 7 9 3 0 0 1 1 1 7 4 5 4 0 0 1 1 1 0 N
T 9 16 7 8 3 0 0 1 1 1 7 4 5 4 1 0 1 1 1 0 N
C 9 17 7 7 3 0 0 1 1 1 7 4 5 4 1 0 1 1 1 0 N
A 9 17 8 6 3 0 0 1 1 1 6 4 6 4 1 0 1 1 1 0 N
T 10 16 8 6 2 0 0 1 1 1 6 3 7 4 1 0 1 1 1 0 N
A 10 17 7 6 2 0 0 1 1 1 5 4 7 4 1 0 1 1 1 0 N
A 11 16 7 6 2 0 0 1 1 1 4 4 7 5 1 0 1 0 1 0 N
A 11 16 7 6 2 0 0 2 1 1 3 5 7 5 2 0 1 0 1 0 N
C 12 16 6 6 2 0 0 2 1 1 3 6 6 5 2 0 1 0 1 0 N
C 12 16 6 6 2 0 0 2 1 1 3 7 5 5 2 0 1 0 1 0 N
C 12 15 7 6 2 0 0 2 1 1 4 7 4 5 2 0 1 0 1 0 N
T 11 15 8 6 2 0 0 2 1 1 5 6 4 5 2 0 1 1 1 0 N
G 11 15 8 6 2 0 0 2 1 1 5 6 5 4 2 0 1 1 1 0 N
A 11 15 7 7 2 0 0 2 1 1 4 7 5 4 2 0 1 1 0 0 N
G 11 15 7 7 2 0 0 2 2 1 4 8 5 3 2 0 1 1 0 0 N
C 11 15 6 8 2 0 0 2 2 1 5 8 4 3 2 0 1 1 0 0 N
A 11 14 7 8 2 0 0 2 2 1 5 8 4 3 2 0 1 2 0 0 N
G 12 14 7 7 2 0 0 2 2 1 6 8 4 2 2 0 1 2 0 0 N
A 12 14 6 8 2 0 0 2 2 1 6 8 4 2 2 0 1 2 0 0 N
T 13 14 5 8 2 0 0 2 2 1 6 7 5 2 2 0 1 2 0 0 N
G 13 14 5 8 2 0 0 2 2 1 6 7 6 1 2 0 0 2 0 0 N
T 13 14 5 8 2 0 1 2 2 1 7 6 6 1 1 0 0 2 0 0 N
C 13 14 5 8 2 0 1 2 2 1 7 7 5 1 1 0 0 2 0 0 N
C 13 13 6 8 2 0 1 2 2 1 8 7 4 1 1 0 0 2 0 0 N
C 13 13 7 7 2 0 1 2 2 1 8 7 3 2 1 0 0 2 0 1 N
T 13 12 8 7 1 0 1 2 2 1 9 6 3 2 1 0 0 2 0 1 N
G 12 13 8 7 1 0 1 2 2 1 9 7 3 1 1 0 0 2 0 1 N
T 11 13 8 8 1 0 1 1 2 1 9 6 4 1 0 0 0 2 0 1 N
T 11 13 8 8 2 0 1 1 2 1 10 5 4 1 0 0 0 2 0 1 N
T 11 13 8 8 2 0 1 1 2 1 10 4 4 2 0 0 0 2 0 1 N
A 11 13 8 8 2 0 1 1 2 1 10 4 4 2 0 0 0 2 0 1 N
A 12 13 8 7 2 0 1 1 2 1 10 4 4 2 0 0 0 1 0 1 N
C 12 13 8 7 2 0 1 2 1 1 11 4 3 2 0 0 0 1 0 1 N
T 12 12 9 7 2 0 1 2 1 1 11 4 3 2 0 0 0 1 0 1 N
T 11 13 9 7 2 0 1 2 1 1 11 3 4 2 0 0 0 1 0 1 N
A 11 14 9 6 2 0 1 2 1 0 10 4 4 2 0 0 0 1 0 1 N
A 12 14 9 5 2 0 1 2 1 0 10 4 4 2 0 0 0 0 0 1 N
A 12 14 9 5 2 0 1 3 1 0 10 4 4 2 0 0 0 1 0 1 N
A 13 13 9 5 2 0 1 3 1 0 9 4 4 3 0 0 0 1 0 1 N
C 13 13 9 5 2 0 1 3 1 0 9 5 3 3 1 0 0 1 0 1 N
C 13 12 10 5 2 0 1 3 1 0 9 6 2 3 1 0 0 1 0 1 N
A 13 11 11 5 2 0 1 3 1 0 8 6 3 3 1 0 0 1 0 1 N
T 14 10 11 5 2 0 1 3 1 0 9 5 3 3 1 0 0 1 0 1 N
A 14 11 10 5 2 0 1 3 1 0 8 6 3 3 1 0 0 1 0 1 N
G 14 11 10 5 2 0 1 3 1 0 8 6 3 3 1 0 1 1 0 0 N
A 14 10 10 6 2 0 1 3 1 1 7 7 3 3 2 0 1 1 0 0 N
T 14 10 10 6 2 0 1 3 1 1 7 7 3 3 2 0 1 1 0 0 N
C 13 11 10 6 2 0 1 2 1 1 7 8 2 3 2 0 1 1 0 0 N
A 12 11 11 6 2 0 1 2 1 1 6 8 3 3 2 0 1 1 0 0 N
G 13 11 10 6 2 0 1 2 1 1 6 8 3 3 2 0 1 1 0 0 N
A 13 11 9 7 2 0 1 2 1 1 6 8 3 3 2 0 1 1 0 0 N
A 14 11 8 7 2 0 1 2 1 1 5 9 3 3 2 0 1 1 0 0 N
A 15 10 8 7 2 0 1 2 1 1 4 10 3 3 2 0 1 1 0 0 N
T 16 10 8 6 2 0 1 2 1 1 4 10 3 3 2 0 1 1 0 0 N
C 15 11 8 6 2 0 1 2 0 1 4 11 2 3 2 0 1 1 0 0 N
T 15 11 9 5 2 0 1 2 0 1 5 10 2 3 2 0 1 1 0 0 N
A 15 12 8 5 2 0 1 2 0 1 4 10 3 3 2 0 1 1 0 0 N
A 15 12 8 5 2 0 1 2 0 1 4 10 3 3 2 0 1 0 0 0 N
G 16 12 8 4 2 0 1 3 0 1 4 10 3 3 2 0 1 0 0 0 N
T 15 12 8 5 2 0 1 3 0 1 5 9 3 3 1 0 1 0 0 0 N
T 15 12 8 5 3 0 1 3 0 1 5 8 3 4 1 0 1 0 0 0 N
C 15 13 8 4 3 0 0 3 0 1 6 8 2 4 1 0 1 0 0 0 N
A 15 12 9 4 2 0 0 3 0 1 5 9 2 4 1 0 1 0 0 0 N
T 16 12 8 4 2 0 0 3 0 1 5 8 3 4 1 0 1 0 0 0 N
G 16 13 7 4 2 0 0 3 0 1 5 9 3 3 1 0 0 0 0 0 N
T 16 13 6 5 2 0 1 3 0 1 5 8 4 3 0 0 0 0 0 0 N
T 16 13 6 5 3 0 1 3 0 1 6 7 4 3 0 0 0 0 0 0 N
T 16 14 6 4 3 0 1 3 0 1 7 6 4 3 0 0 0 0 0 0 N
C 16 14 6 4 2 0 1 3 0 1 7 7 3 3 0 0 0 0 0 0 N
G 16 13 7 4 2 0 1 3 0 1 8 7 3 2 0 0 0 0 0 0 N
A 16 12 7 5 2 0 1 3 0 1 7 7 3 3 0 0 0 0 0 1 N
T 16 12 7 5 2 0 1 3 0 1 8 6 3 3 0 0 0 0 0 1 N
T 15 13 7 5 2 0 1 2 0 1 9 5 3 3 0 0 0 0 0 1 N
T 15 14 6 5 2 0 1 2 0 1 10 4 3 3 0 0 0 0 0 1 N
T 15 14 6 5 2 0 1 2 0 1 11 3 3 3 0 0 0 0 0 1 N
A 15 14 6 5 2 0 1 2 0 1 11 3 3 3 0 0 0 0 0 1 N
C 15 14 6 5 2 0 1 2 0 1 11 3 2 4 0 0 0 0 0 1 N
A 14 14 7 5 2 0 1 1 0 1 10 4 2 4 1 0 0 0 0 1 N
G 14 14 7 5 2 0 1 1 0 1 11 4 2 3 1 0 0 0 0 1 N
A 13 14 7 6 2 0 1 1 0 1 11 4 2 3 1 0 0 1 0 1 C
G 14 14 6 6 2 0 1 1 0 1 11 5 2 2 1 0 0 1 0 1 C
A 14 14 5 7 2 0 1 1 0 1 10 5 3 2 1 0 0 1 0 1 C
T 14 14 5 7 2 0 1 1 0 1 11 4 3 2 1 0 0 1 0 1 C
C 14 14 5 7 2 0 1 1 0 1 12 4 2 2 1 0 0 1 0 1 C
T 13 14 6 7 2 0 1 1 0 1 12 3 2 3 1 0 0 1 0 1 C
C 13 15 6 6 2 0 1 1 0 0 12 4 1 3 2 0 0 1 0 1 C
A 12 15 7 6 2 0 1 1 0 0 11 5 1 3 2 0 0 1 0 1 C
A 13 14 7 6 2 0 1 1 0 0 11 5 1 3 2 0 0 1 0 1 C
T 14 14 6 6 2 0 1 1 0 0 12 4 1 3 2 0 0 2 0 1 C
A 13 15 6 6 2 0 1 1 0 0 12 4 1 3 2 0 0 2 0 1 C
G 14 15 6 5 2 0 1 1 0 0 13 4 1 2 2 0 0 2 0 0 C
A 13 15 6 6 2 0 1 1 0 1 13 4 1 2 2 0 0 2 0 0 C
A 13 15 6 6 2 0 1 1 0 1 12 4 2 2 2 0 0 2 0 0 C
A 13 15 6 6 2 0 1 1 0 1 11 5 2 2 2 0 0 2 0 0 C
A 14 14 6 6 2 0 1 1 0 1 10 5 2 3 2 0 0 2 0 0 C
A 15 14 5 6 2 0 1 1 0 1 9 5 3 3 2 0 0 2 0 0 C
G 16 13 5 6 2 0 1 1 0 1 10 5 3 2 2 0 0 2 0 0 C
T 15 13 5 7 2 0 1 1 0 1 11 4 3 2 1 0 0 2 0 0 C
A 14 14 5 7 3 0 1 0 0 1 11 4 3 2 1 0 0 2 0 0 C
A 15 14 5 6 3 0 1 0 0 1 10 4 3 3 1 0 0 1 0 0 C
T 16 13 5 6 2 0 1 1 0 1 10 3 4 3 1 0 0 1 0 0 C
C 16 13 5 6 2 0 1 1 0 1 10 4 3 3 1 0 0 1 0 0 C
A 16 13 5 6 2 0 1 1 0 1 10 4 3 3 1 0 0 1 0 0 C
A 16 13 5 6 2 0 1 1 0 1 10 4 3 3 1 0 0 2 0 0 C
G 17 12 5 6 2 0 1 1 0 1 11 4 3 2 1 0 0 2 0 0 C
T 17 12 5 6 2 0 0 1 0 1 12 3 3 2 0 0 0 2 0 0 C
T 17 12 5 6 2 0 0 1 0 1 12 3 3 2 0 0 0 2 0 0 C
A 17 12 5 6 2 0 0 1 0 1 11 4 3 2 0 0 0 2 0 0 C
A 18 11 5 6 2 0 0 1 0 1 10 4 3 3 0 0 0 1 0 0 C
A 19 11 4 6 2 0 0 2 0 1 10 4 3 3 0 0 0 1 1 0 C
A 20 11 4 5 2 0 0 2 0 1 9 4 3 4 0 0 0 1 1 0 C
A 20 11 4 5 2 0 0 2 0 1 8 4 4 4 0 0 0 1 1 0 C
C 21 10 4 5 2 0 0 2 0 1 8 5 3 4 0 0 0 1 1 0 C
T 21 9 5 5 2 0 0 2 0 1 9 4 3 4 0 0 0 1 1 0 C
G 21 9 5 5 2 0 0 2 0 1 9 4 4 3 0 0 0 1 1 0 C
C 21 8 5 6 2 0 0 2 0 1 9 5 3 3 0 0 0 1 1 0 C
A 20 8 6 6 2 0 0 2 0 1 8 6 3 3 0 0 0 1 1 0 C
A 21 8 5 6 2 0 0 2 0 1 7 6 3 4 0 0 0 1 1 0 C
A 21 8 5 6 2 0 0 2 0 1 6 6 3 5 0 0 0 1 1 0 C
G 22 8 5 5 2 0 0 2 0 1 6 6 3 5 0 0 0 1 1 0 C
C 21 8 5 6 2 0 0 2 0 1 7 6 2 5 0 0 0 1 1 0 C
T 21 8 6 5 2 0 0 2 0 1 7 5 2 6 0 0 0 1 1 0 C
A 20 9 6 5 2 0 0 2 0 1 6 5 3 6 0 0 0 1 1 0 C
A 21 8 6 5 2 0 0 2 0 1 5 6 3 6 0 0 0 0 1 0 C
A 22 8 5 5 2 0 0 3 0 1 5 6 3 6 0 0 0 0 1 0 C
A 23 7 5 5 2 0 0 3 0 1 4 7 3 6 0 0 0 0 1 0 C
T 24 7 4 5 2 0 0 3 0 1 4 6 3 7 0 0 1 0 1 0 C
T 23 8 4 5 2 0 0 3 0 1 5 5 3 7 0 0 1 0 2 0 C
G 22 9 4 5 2 0 0 3 0 1 5 6 3 6 0 0 1 0 2 0 C
A 22 8 4 6 2 0 0 3 0 1 4 6 4 6 0 0 1 0 1 0 C
G 22 8 4 6 2 0 0 3 1 1 4 6 5 5 0 0 1 0 1 0 C
C 22 8 4 6 2 0 0 3 1 0 5 6 4 5 0 0 1 0 1 0 C
T 21 8 5 6 2 0 0 3 1 0 5 5 5 5 0 0 1 0 1 0 C
A 20 9 5 6 2 0 0 3 1 0 5 5 5 5 0 0 1 0 1 0 C
C 20 9 5 6 2 0 0 3 1 0 5 5 4 6 0 0 1 0 1 0 C
T 19 9 6 6 2 0 0 3 1 0 6 4 4 6 0 0 1 0 1 0 C
T 18 10 6 6 2 0 0 3 1 0 7 3 4 6 0 0 1 0 1 0 C
G 18 11 6 5 2 0 0 3 1 0 8 3 4 5 0 0 1 0 1 0 C
G 18 10 6 6 1 0 0 3 1 0 8 3 5 4 0 0 1 0 1 0 C
G 17 10 6 7 1 0 0 3 1 0 9 3 5 3 0 0 1 0 1 0 C
A 16 10 6 8 1 0 0 2 1 0 8 3 5 4 0 0 1 0 1 0 C
G 17 9 6 8 1 0 0 2 1 0 8 3 6 3 0 0 1 0 1 0 C
C 17 9 5 9 1 0 0 2 1 0 8 4 5 3 0 0 1 0 1 0 C
T 16 9 6 9 1 0 0 2 1 0 8 3 6 3 0 0 1 0 1 0 C
A 15 10 6 9 1 0 0 2 1 0 8 3 6 3 0 0 1 0 1 0 C
T 16 10 6 8 1 0 0 2 1 0 8 3 6 3 0 0 1 0 1 0 C
G 16 10 6 8 0 0 0 2 1 0 8 3 7 2 0 0 0 0 1 0 C
A 16 9 6 9 0 0 1 2 1 0 8 3 7 2 0 0 0 0 0 0 C
T 16 9 6 9 0 0 1 2 2 0 8 3 7 2 0 0 0 0 0 0 C
C 15 10 6 9 0 0 1 1 2 0 8 4 6 2 0 0 0 0 0 0 C
C 14 10 7 9 0 0 1 1 2 0 8 4 5 3 0 0 0 0 0 0 C
A 13 10 8 9 0 0 1 1 2 0 8 4 5 3 0 0 0 0 1 0 C
C 13 10 8 9 0 0 1 1 2 0 9 4 4 3 0 0 0 0 1 0 C
A 13 10 8 9 0 0 1 1 2 0 8 4 4 4 0 0 0 0 1 0 C
G 14 9 8 9 0 0 1 1 2 0 9 4 4 3 0 0 0 0 1 0 C
A 14 9 8 9 0 0 1 1 2 0 8 5 4 3 0 0 0 0 1 0 C
A 15 9 7 9 0 0 1 1 2 0 7 5 5 3 0 0 0 0 1 0 C
A 15 9 7 9 0 0 1 1 2 0 6 5 6 3 0 0 0 0 1 0 C
C 15 9 7 9 0 0 1 1 2 0 6 5 6 3 0 0 0 0 1 0 C
A 14 9 8 9 0 0 1 1 2 0 5 6 6 3 0 0 0 0 1 0 C
G 15 9 8 8 0 0 1 1 2 0 6 6 6 2 0 0 0 0 1 0 C
C 15 9 7 9 0 0 1 1 2 0 6 7 5 2 0 0 0 0 1 0 C
T 15 8 8 9 0 0 1 1 2 0 6 7 5 2 0 0 0 0 1 0 C
C 14 9 8 9 0 0 1 1 2 0 7 7 4 2 0 0 0 0 1 0 C
A 13 9 9 9 0 0 1 0 2 0 6 8 4 2 0 0 0 0 1 0 C
T 13 9 9 9 0 0 1 0 2 0 6 7 4 3 0 0 1 0 1 0 C
C 12 10 9 9 0 0 1 0 2 0 6 8 3 3 1 0 1 0 1 0 C
A 12 9 10 9 0 0 1 0 2 0 6 8 3 3 1 0 1 0 1 0 C
T 13 8 10 9 0 0 1 0 2 0 7 7 3 3 1 0 1 1 1 0 C
T 13 9 10 8 0 0 1 0 2 0 7 6 3 4 1 0 1 1 1 0 C
G 12 10 10 8 0 0 1 0 1 0 7 7 3 3 2 0 1 1 1 0 C
A 12 10 10 8 0 0 1 0 1 0 6 7 4 3 2 0 1 1 0 0 C
A 13 10 9 8 0 0 1 0 2 0 5 7 5 3 2 0 1 1 0 0 C
G 14 9 9 8 0 0 1 0 2 0 5 7 6 2 2 0 1 1 0 0 C
A 13 9 9 9 0 0 1 0 2 0 4 8 6 2 2 0 1 1 0 0 C
T 14 9 8 9 0 0 1 0 2 0 4 7 6 3 2 0 1 1 0 0 C
C 14 9 8 9 0 0 1 0 2 0 4 8 5 3 3 0 1 1 0 0 C
C 14 8 9 9 0 0 1 0 2 0 4 8 5 3 3 0 1 1 0 0 C
C 14 8 10 8 0 0 1 0 2 0 5 8 4 3 3 0 1 1 0 0 C
T 14 8 11 7 0 0 1 0 2 0 5 7 4 4 3 0 1 1 0 0 C
A 14 9 11 6 0 0 1 0 2 0 4 7 4 5 3 0 1 1 0 0 C
T 14 9 11 6 0 0 1 0 2 0 4 7 4 5 4 0 1 1 0 0 C
T 14 10 11 5 0 0 1 0 2 0 4 7 4 5 4 0 1 1 0 0 C
A 14 11 10 5 0 0 1 0 2 0 3 8 4 5 4 0 1 1 0 0 C
T 15 10 10 5 0 0 1 0 2 0 3 7 4 6 4 0 1 1 0 0 C
G 14 11 10 5 0 0 1 0 2 0 3 7 4 6 4 0 0 1 0 0 N
T 14 10 10 6 0 0 2 0 2 0 4 6 4 6 3 0 0 1 0 0 N
A 14 11 10 5 1 0 1 0 2 0 3 6 4 7 3 0 0 1 0 0 N
A 14 11 10 5 1 0 1 0 1 0 2 6 5 7 3 0 0 0 0 0 N
G 15 10 10 5 1 0 1 1 1 0 2 6 6 6 3 0 0 0 0 0 N
T 15 10 9 6 1 0 1 1 1 0 2 6 6 6 2 0 0 0 0 0 N
C 15 11 8 6 2 0 1 1 1 0 2 6 6 6 2 0 0 0 0 0 N
C 14 11 9 6 2 0 1 1 1 0 2 7 5 6 2 0 0 0 0 0 N
C 14 11 9 6 2 0 1 1 1 0 2 7 4 7 2 0 0 0 0 0 N
T 13 11 10 6 2 0 1 1 1 0 2 7 4 7 3 0 0 0 0 0 N
G 13 12 10 5 2 0 1 1 1 0 2 8 4 6 3 0 0 0 0 0 N
T 12 12 10 6 2 0 1 1 1 0 3 7 4 6 2 0 0 0 0 0 N
C 11 13 10 6 3 0 1 1 1 0 4 7 3 6 2 0 0 1 0 0 N
A 10 13 11 6 3 0 1 1 1 0 3 7 3 7 2 0 0 1 0 0 N
G 11 13 10 6 3 0 1 1 1 0 4 7 3 6 2 0 0 1 0 0 N
G 10 13 10 7 3 0 1 1 1 0 4 8 3 5 2 0 0 1 0 0 N
T 10 13 10 7 3 0 1 1 1 0 4 7 3 6 1 0 1 1 0 0 N
T 10 14 9 7 4 0 1 1 1 0 4 6 3 7 1 0 1 1 0 0 N
T 10 14 9 7 4 0 1 1 1 0 4 5 3 8 1 0 1 1 0 0 N
G 10 15 8 7 4 0 1 1 1 0 4 5 4 7 1 0 1 1 0 0 N
G 9 15 8 8 4 0 1 1 1 0 5 5 4 6 1 0 1 1 0 0 N
A 9 14 8 9 4 0 1 1 1 0 4 5 4 7 1 0 1 1 0 0 N
G 10 14 7 9 4 0 1 1 1 0 4 5 4 7 1 0 1 1 0 0 N
C 9 14 7 10 4 0 1 1 1 0 5 5 3 7 1 0 1 1 0 0 N
C 9 13 8 10 4 0 1 1 1 0 5 6 2 7 1 0 1 1 0 0 N
T 9 12 9 10 4 0 1 1 1 0 5 5 2 8 1 0 2 1 0 0 N
C 9 13 9 9 4 0 1 1 1 0 5 6 1 8 2 0 2 1 0 0 N
T 8 13 10 9 4 0 1 1 0 0 6 5 1 8 2 0 2 1 0 0 N
G 7 14 10 9 4 0 1 1 0 0 6 6 1 7 2 0 2 1 0 0 N
T 7 14 10 9 4 0 1 1 0 0 6 6 1 7 1 0 2 1 0 0 N
T 6 15 10 9 5 0 1 1 0 0 6 5 2 7 1 0 2 1 0 0 N
A 6 15 10 9 5 0 1 1 0 0 5 5 2 8 1 0 2 1 0 0 N
A 7 15 9 9 5 0 1 1 0 0 4 5 2 9 1 0 2 0 0 0 N
G 8 15 8 9 5 0 1 2 0 0 4 6 2 8 2 0 2 0 0 0 N
A 8 15 7 10 5 0 1 2 0 0 3 6 2 9 2 0 2 0 0 0 N
T 9 14 7 10 5 0 1 2 0 0 3 5 2 10 2 0 2 0 0 0 N
G 8 15 7 10 5 0 1 2 0 0 3 6 2 9 3 0 1 0 0 0 N
G 8 14 7 11 5 0 2 2 0 0 4 6 2 8 3 0 1 0 0 0 N
G 8 13 7 12 5 0 2 2 0 0 4 7 2 7 3 0 1 0 0 0 N
C 7 13 7 13 5 0 2 2 0 0 4 8 1 7 3 0 1 0 0 0 N
A 7 12 8 13 5 0 2 2 0 0 4 8 1 7 3 0 1 0 0 0 N
G 8 12 8 12 5 0 1 2 0 0 5 8 1 6 3 0 1 1 0 0 N
G 8 11 8 13 4 0 1 2 0 0 6 8 1 5 3 0 1 1 0 0 N
A 7 11 8 14 4 0 1 2 0 0 5 9 1 5 3 0 1 1 0 0 N
T 7 11 8 14 4 0 1 1 0 0 5 8 1 6 3 0 2 1 0 0 N
G 7 12 8 13 4 0 1 1 0 0 6 8 1 5 3 0 1 1 1 0 N
T 7 11 8 14 3 0 2 1 0 0 7 7 1 5 2 0 1 1 1 0 N
A 7 12 7 14 4 0 2 1 0 0 6 7 2 5 2 0 1 1 1 0 N
T 8 12 6 14 4 0 2 1 0 0 7 6 2 5 2 0 1 1 1 0 N
T 8 13 5 14 4 0 2 1 0 0 7 5 2 6 2 0 1 1 1 0 N
C 8 13 5 14 4 0 2 1 0 0 7 5 1 7 2 0 1 1 1 0 N
G 8 13 6 13 4 0 2 1 0 0 8 5 1 6 2 0 1 1 1 0 N
G 8 12 6 14 3 0 2 1 0 0 8 6 1 5 2 0 1 1 1 0 N
T 8 12 5 15 3 0 2 1 0 0 8 5 1 6 1 0 2 1 1 0 N
G 7 13 5 15 4 0 2 1 0 0 8 5 1 6 1 0 2 1 1 0 N
G 7 13 5 15 4 0 2 1 0 0 9 5 1 5 1 0 2 1 1 0 N
T 7 13 5 15 4 0 2 1 0 0 9 5 1 5 0 0 2 1 1 0 N
A 7 13 5 15 4 0 2 1 0 0 8 6 1 5 0 0 2 1 1 0 N
T 8 12 5 15 4 0 2 1 0 0 8 5 2 5 0 0 2 1 1 0 N
T 8 12 5 15 4 0 2 1 0 0 8 5 2 5 0 0 2 1 1 0 N
A 8 13 5 14 4 0 2 1 0 0 7 5 2 6 0 0 2 1 1 0 N
A 9 13 5 13 4 0 2 1 0 0 6 6 2 6 1 0 2 0 1 0 N
A 9 13 5 13 4 0 2 2 0 0 5 7 2 6 1 0 2 0 1 0 N
T 10 13 5 12 4 0 2 2 0 0 5 6 2 7 1 0 2 0 1 0 N
G 10 14 4 12 4 0 2 2 0 0 5 7 2 6 2 0 1 0 1 0 N
A 10 14 3 13 4 0 3 2 0 0 5 7 2 6 2 0 1 0 0 0 N
A 11 13 3 13 4 0 3 2 1 0 4 8 2 6 2 0 1 0 0 0 N
C 12 13 2 13 4 0 3 2 1 0 4 9 1 6 2 0 1 0 0 0 N
A 12 12 3 13 4 0 3 2 1 0 4 9 1 6 2 0 1 0 0 0 N
G 13 12 3 12 4 0 3 2 1 0 5 9 1 5 2 0 1 1 0 0 N
G 13 11 3 13 3 0 3 2 1 0 6 9 1 4 2 0 1 1 0 0 N
A 13 10 3 14 3 0 3 2 1 0 5 10 1 4 2 0 1 1 0 0 N
T 13 10 3 14 3 0 3 2 1 0 5 9 2 4 2 0 1 1 0 0 N
G 12 11 3 14 3 0 3 1 1 0 5 10 2 3 2 0 0 1 0 0 N
G 12 11 3 14 3 0 4 1 1 0 5 10 2 3 2 0 0 1 0 0 N
A 11 11 3 15 3 0 4 1 1 0 4 11 2 3 3 0 0 1 0 0 N
T 12 10 3 15 3 0 4 1 1 0 4 10 2 4 3 0 0 1 0 0 N
T 12 11 3 14 3 0 3 1 1 0 4 10 2 4 4 0 0 1 0 0 N
C 12 12 3 13 3 0 3 1 1 0 4 11 1 4 4 0 0 1 0 0 N
T 12 12 4 12 3 0 3 1 1 0 4 11 1 4 4 0 0 1 0 0 N
G 12 13 3 12 3 0 3 1 1 0 4 11 1 4 4 0 0 1 0 0 N
T 11 13 3 13 3 0 3 1 1 0 4 10 1 5 3 0 0 1 0 0 N
T 11 14 3 12 4 0 3 1 1 0 4 9 1 6 3 0 0 1 0 0 N
G 11 15 3 11 4 0 3 1 1 0 4 10 1 5 4 0 0 1 0 0 N
T 10 15 3 12 4 0 3 1 1 0 4 9 2 5 3 0 0 1 0 0 N
A 10 15 3 12 5 0 3 1 1 0 3 10 2 5 3 0 0 1 0 0 N
T 11 15 3 11 5 0 2 1 1 0 3 10 2 5 3 0 0 1 0 0 N
T 11 15 3 11 4 0 2 1 1 0 3 9 3 5 3 0 0 1 0 0 N
A 10 16 3 11 4 0 2 1 1 0 2 9 3 6 3 0 0 1 0 0 N
A 11 15 3 11 4 0 2 1 1 0 1 9 3 7 3 0 0 0 0 0 N
A 12 14 3 11 4 0 2 2 1 0 1 9 3 7 3 0 0 0 0 0 N
T 13 14 2 11 4 0 2 2 1 0 1 8 3 8 3 0 0 0 0 0 N
C 13 15 2 10 4 0 2 2 1 0 1 8 2 9 3 0 0 0 0 0 N
T 13 15 3 9 4 0 2 2 1 0 2 7 2 9 3 0 0 0 0 0 N
G 13 15 3 9 3 0 2 2 1 0 2 7 3 8 3 0 0 0 0 0 N
T 13 15 3 9 3 0 2 2 1 0 3 6 3 8 2 0 0 0 0 0 N
G 13 16 3 8 4 0 2 2 1 0 3 6 4 7 2 0 0 0 0 0 N
T 13 15 3 9 3 0 2 2 1 0 3 6 4 7 1 0 0 0 0 0 N
T 12 16 3 9 4 0 2 2 1 0 3 5 4 8 1 0 0 0 0 0 N
T 12 16 3 9 4 0 2 2 1 0 3 5 4 8 2 0 0 0 0 0 N
G 12 16 3 9 4 0 2 2 1 0 3 5 5 7 2 0 0 0 0 0 N
G 11 16 3 10 4 0 2 2 1 0 4 5 5 6 2 0 0 0 0 0 N
G 10 16 3 11 4 0 2 1 1 0 4 6 5 5 2 0 0 0 0 0 N
T 9 16 3 12 4 0 2 1 1 0 4 5 6 5 1 0 0 0 0 0 N
C 9 16 3 12 5 0 2 1 1 0 5 5 5 5 1 0 0 0 0 0 N
T 9 16 4 11 5 0 1 1 1 0 5 5 5 5 1 0 0 0 0 0 N
T 8 17 4 11 5 0 1 1 0 0 6 4 5 5 1 0 0 0 0 0 N
C 7 18 4 11 5 0 1 1 0 0 7 4 4 5 1 0 0 1 0 0 N
G 7 18 4 11 5 0 1 1 0 0 8 4 4 4 1 0 0 1 0 0 N
G 6 18 4 12 5 0 1 1 0 0 8 4 5 3 1 0 0 1 0 0 N
A 6 18 4 12 5 0 1 1 0 0 7 4 6 3 1 0 0 1 0 0 N
G 7 18 4 11 5 0 1 1 0 0 8 4 6 2 1 0 0 1 0 0 N
G 6 18 4 12 5 0 1 1 0 0 8 5 6 1 1 0 0 1 0 0 N
A 6 17 4 13 5 0 1 1 0 0 7 6 6 1 1 0 0 1 0 0 N
C 7 17 4 12 5 0 0 1 0 0 7 6 5 2 1 0 0 1 0 0 N
A 7 17 5 11 5 0 0 1 0 0 6 6 6 2 1 0 0 1 0 0 N
C 7 17 5 11 5 0 0 1 0 0 6 7 5 2 1 0 0 1 0 0 N
T 7 16 6 11 5 0 0 1 0 0 6 6 5 3 1 0 0 1 0 0 N
G 7 16 6 11 5 0 0 1 0 0 6 6 5 3 1 0 0 1 0 0 N
T 7 16 5 12 5 0 0 1 0 0 6 6 5 3 1 0 0 1 0 0 N
C 7 16 5 12 6 0 0 1 0 0 6 7 4 3 1 0 0 1 0 0 N
A 7 16 6 11 6 0 0 1 0 0 5 8 4 3 1 0 0 1 0 0 N
T 8 15 6 11 5 0 0 1 0 0 5 8 4 3 1 0 0 1 0 0 N
C 8 15 6 11 5 0 0 1 0 0 5 9 3 3 1 0 0 1 0 0 N
A 8 15 7 10 5 0 0 1 0 0 4 9 4 3 1 0 0 1 0 0 N
T 9 14 7 10 4 0 0 1 0 0 4 9 4 3 1 0 0 1 0 0 N
A 8 15 7 10 4 0 0 1 0 0 3 10 4 3 1 0 0 1 0 0 N
A 9 14 7 10 4 0 0 1 0 0 2 11 4 3 1 0 0 0 0 0 N
A 10 13 7 10 4 0 0 2 0 0 1 12 4 3 1 0 0 0 0 0 N
C 10 13 7 10 4 0 0 2 0 0 1 13 3 3 1 0 0 0 0 0 N
C 9 13 8 10 4 0 0 1 0 0 1 13 3 3 1 0 0 0 0 0 N
A 8 13 9 10 4 0 0 1 0 0 0 14 3 3 1 0 0 0 0 0 N
T 9 12 9 10 4 0 0 1 0 0 0 13 3 4 1 0 0 0 0 0 N
T 9 13 8 10 4 0 0 1 0 0 0 13 3 4 2 0 0 0 0 0 N
G 9 13 8 10 4 0 0 1 0 0 0 13 4 3 2 0 0 0 0 0 N
C 9 13 8 10 4 0 0 1 0 0 0 13 4 3 2 0 0 0 0 0 N
T 9 12 9 10 3 0 0 1 0 0 0 13 4 3 2 0 0 0 0 0 N
G 9 13 9 9 3 0 0 1 0 0 0 14 4 2 2 0 0 0 0 0 N
G 9 12 9 10 2 0 0 1 0 0 0 14 4 2 2 0 0 0 0 0 N
T 9 11 9 11 2 0 0 1 0 0 0 13 5 2 1 0 0 0 0 0 N
T 9 11 9 11 3 0 0 1 0 0 1 12 5 2 1 0 0 0 0 0 N
T 9 12 9 10 3 0 0 1 0 0 1 11 5 3 1 0 0 0 0 0 N
T 9 13 9 9 3 0 0 1 0 0 1 10 5 4 1 0 0 0 0 0 N
T 9 14 9 8 3 0 0 1 0 0 1 9 5 5 1 0 0 0 0 0 N
C 9 14 9 8 2 0 0 1 0 0 1 9 5 5 1 0 0 0 0 0 N
T 9 14 9 8 2 0 0 1 0 0 2 8 5 5 1 0 0 0 0 0 N
T 9 14 9 8 2 0 0 1 0 0 3 7 5 5 1 0 0 0 0 0 N
T 9 14 9 8 2 0 0 1 0 0 3 7 5 5 1 0 0 0 0 0 N
T 9 15 8 8 2 0 0 1 0 0 3 6 5 6 1 0 1 0 0 0 N
T 9 16 8 7 2 0 0 1 0 0 4 5 5 6 1 0 1 0 1 0 N
C 9 17 8 6 2 0 0 1 0 0 4 5 5 6 1 0 1 0 1 0 N
T 8 17 9 6 2 0 0 1 0 0 4 5 5 6 1 0 1 0 1 0 N
G 8 18 9 5 2 0 0 1 0 0 4 5 6 5 1 0 1 0 1 0 N
T 8 18 9 5 2 0 0 1 0 0 4 5 6 5 0 0 1 0 1 0 N
C 7 19 9 5 3 0 0 1 0 0 4 5 5 6 0 0 1 0 1 0 N
C 7 19 9 5 3 0 0 1 0 0 5 5 4 6 0 0 1 0 2 0 N
T 6 19 10 5 3 0 0 1 0 0 5 4 5 6 0 0 1 0 2 0 N
T 6 20 9 5 3 0 0 1 0 0 5 4 5 6 0 0 1 0 2 0 N
G 6 20 9 5 3 0 0 1 0 0 5 5 5 5 0 0 1 0 2 0 N
C 6 20 9 5 3 0 0 1 0 0 5 5 5 5 0 0 1 0 2 0 N
A 6 19 10 5 2 0 0 1 0 0 4 5 5 6 0 0 1 0 2 0 N
G 7 19 9 5 2 0 0 1 0 0 5 5 5 5 0 0 1 0 2 0 N
G 6 19 9 6 2 0 0 1 0 0 5 5 5 5 0 0 1 0 2 0 C
G 6 18 9 7 2 0 0 1 0 0 5 5 5 5 0 0 1 0 2 0 C
C 6 18 8 8 2 0 0 1 0 0 5 6 4 5 1 0 1 0 2 0 C
A 5 18 9 8 2 0 0 1 0 0 4 6 4 6 1 0 1 0 2 0 C
A 6 17 9 8 2 0 0 1 0 0 3 6 4 7 1 0 1 0 2 0 C
T 6 17 9 8 2 0 0 1 0 0 3 6 4 7 2 0 1 0 2 0 C
G 5 18 9 8 2 0 0 0 0 0 3 6 4 7 2 0 0 0 2 0 C
A 4 18 9 9 2 0 1 0 0 0 2 7 4 7 3 0 0 0 1 0 C
C 5 18 8 9 2 0 1 0 1 0 3 7 3 7 3 0 0 0 1 0 C
T 5 18 8 9 2 0 1 0 1 0 3 6 4 7 3 0 0 0 1 0 C
C 4 19 8 9 2 0 1 0 1 0 3 6 4 7 3 0 0 0 1 0 C
T 4 18 9 9 2 0 1 0 1 0 4 5 4 7 3 0 0 0 1 0 C
G 4 18 9 9 2 0 1 0 1 0 4 5 4 7 3 0 0 0 1 0 C
A 4 18 9 9 2 0 1 0 1 0 3 5 5 7 3 0 0 0 0 0 C
C 5 18 8 9 2 0 1 0 2 0 4 5 4 7 3 0 0 0 0 0 C
T 5 17 9 9 2 0 1 0 2 0 5 4 4 7 3 0 0 0 0 0 C
T 5 18 9 8 2 0 1 0 2 0 5 4 4 7 3 0 0 0 0 0 C
C 5 19 9 7 2 0 1 0 2 0 5 4 3 8 3 0 1 0 0 0 C
G 5 18 10 7 1 0 1 0 2 0 5 4 4 7 3 0 1 0 0 0 C
A 5 17 10 8 1 0 1 0 2 0 4 4 5 7 3 0 1 0 0 0 C
G 6 16 10 8 1 0 1 0 2 0 4 5 5 6 3 0 1 0 0 0 C
G 6 15 10 9 1 0 1 0 2 0 4 6 5 5 3 0 1 0 0 0 C
T 6 14 10 10 1 0 1 0 2 0 5 5 5 5 2 0 1 0 0 0 C
G 6 15 9 10 2 0 1 0 2 0 5 5 5 5 2 0 1 0 0 1 C
G 6 14 9 11 2 0 1 0 2 0 5 5 5 5 2 0 1 0 0 1 C
T 6 13 9 12 2 0 1 0 2 0 5 5 5 5 2 0 1 0 0 1 C
G 6 13 9 12 3 0 1 0 2 0 5 5 5 5 2 0 1 0 0 1 C
T 6 12 9 13 3 0 1 0 2 0 5 4 6 5 1 0 1 0 0 1 C
A 6 12 9 13 4 0 1 0 2 0 4 5 6 5 1 0 1 0 0 1 C
C 7 12 8 13 4 0 1 0 2 0 4 5 5 6 1 0 1 0 0 1 C
C 7 11 9 13 4 0 1 0 2 0 4 5 5 6 1 0 1 0 0 1 C
A 7 11 10 12 4 0 1 0 2 0 4 5 5 6 1 0 1 0 0 1 C
G 8 10 10 12 3 0 1 0 2 0 5 5 5 5 1 0 1 0 0 1 C
C 8 10 9 13 3 0 1 0 2 0 5 5 4 6 1 0 1 0 0 1 C
A 8 10 9 13 3 0 1 0 2 0 4 5 4 7 1 0 1 0 0 1 C
A 9 9 9 13 3 0 1 0 2 0 3 5 5 7 1 0 1 0 0 1 C
T 10 8 9 13 3 0 1 0 2 0 3 4 6 7 1 0 1 0 0 1 C
G 10 9 9 12 3 0 1 0 2 0 3 5 6 6 1 0 0 0 0 1 C
C 10 9 8 13 3 0 2 0 2 0 3 6 5 6 1 0 0 0 0 1 C
C 9 9 9 13 3 0 2 0 2 0 3 6 5 6 1 0 0 0 0 1 C
T 9 9 10 12 3 0 2 0 2 0 3 5 6 6 1 0 0 0 0 1 C
T 9 10 10 11 3 0 2 0 2 0 3 5 6 6 1 0 0 0 0 1 C
A 9 11 10 10 3 0 2 0 2 0 2 5 6 7 1 0 0 0 0 1 C
G 10 11 9 10 3 0 2 0 2 0 2 5 6 7 1 0 0 0 0 0 C
G 9 11 9 11 3 0 2 0 2 1 3 5 6 6 1 0 0 0 0 0 C
T 8 11 9 12 3 0 2 0 2 1 3 4 6 7 0 0 0 0 0 0 C
G 8 11 9 12 4 0 2 0 2 1 4 4 6 6 0 0 0 0 0 0 C
C 8 11 9 12 4 0 1 0 2 1 5 4 5 6 0 0 0 0 0 0 C
T 7 11 10 12 4 0 1 0 1 1 5 3 5 7 0 0 0 0 0 0 C
G 7 12 9 12 4 0 1 0 1 1 6 3 5 6 0 0 0 0 0 0 C
C 7 11 9 13 4 0 1 0 1 1 6 3 5 6 0 0 0 0 0 0 C
A 7 11 9 13 4 0 1 0 1 1 5 4 5 6 0 0 0 0 0 0 C
A 8 10 9 13 4 0 1 0 1 1 4 5 5 6 0 0 0 0 0 0 C
G 9 10 9 12 4 0 1 0 1 1 5 5 5 5 0 0 0 0 0 0 C
G 8 10 9 13 4 0 1 0 0 1 5 5 6 4 0 0 0 0 0 0 C
C 8 10 8 14 4 0 1 0 0 1 5 6 5 4 0 0 0 0 0 0 C
C 8 9 9 14 4 0 1 0 0 1 6 6 4 4 0 0 0 0 0 0 C
T 8 8 10 14 4 0 1 0 0 1 6 5 4 5 0 0 0 0 0 1 C
T 8 9 9 14 4 0 1 0 0 1 6 4 5 5 0 0 0 0 0 1 C
C 8 10 9 13 4 0 1 0 0 1 6 5 4 5 0 0 0 0 0 1 C
C 7 10 10 13 4 0 1 0 0 1 6 5 3 6 0 0 0 0 0 1 C
T 7 10 11 12 4 0 1 0 0 1 6 4 3 7 0 0 0 0 0 1 C
G 7 11 11 11 4 0 1 0 0 1 6 5 3 6 1 0 0 0 0 1 C
G 7 10 11 12 3 0 1 0 0 1 6 5 4 5 1 0 0 0 0 1 C
A 7 10 11 12 3 0 1 0 0 1 5 5 5 5 1 0 0 0 0 1 C
G 8 10 11 11 3 0 1 0 0 1 5 6 5 4 1 0 0 0 0 1 C
A 8 9 11 12 2 0 1 0 0 1 5 6 5 4 1 0 0 0 0 1 C
A 9 9 11 11 2 0 1 0 0 1 5 6 5 4 1 0 0 1 0 1 C
G 10 8 11 11 1 0 1 0 0 1 5 6 5 4 1 0 0 1 0 1 C
A 9 8 11 12 1 0 1 0 0 1 4 6 6 4 1 0 0 1 0 1 C
C 10 8 10 12 1 0 1 0 0 1 4 6 6 4 1 0 0 1 0 1 C
T 10 8 10 12 1 0 1 0 0 1 4 5 7 4 1 0 0 1 0 1 C
T 9 9 10 12 1 0 1 0 0 1 4 4 8 4 1 0 0 1 0 1 C
A 9 10 10 11 1 0 1 0 0 1 4 4 8 4 1 0 0 1 0 1 C
C 10 10 9 11 1 0 1 0 0 1 4 4 8 4 1 0 0 1 0 1 C
T 9 10 10 11 1 0 1 0 0 1 4 3 9 4 1 0 0 1 0 1 C
A 8 11 10 11 1 0 1 0 0 1 4 3 9 4 1 0 0 1 0 1 C
G 9 10 10 11 1 0 1 0 0 1 4 4 9 3 1 0 0 1 0 0 C
C 9 10 10 11 1 0 0 0 0 2 4 5 8 3 1 0 0 1 0 0 N
T 9 10 10 11 1 0 0 0 0 2 4 4 8 4 1 0 0 1 0 0 N
G 9 11 9 11 1 0 0 0 0 2 5 4 8 3 1 0 0 1 1 0 N
G 9 10 9 12 1 0 0 0 0 2 5 4 8 3 1 0 0 1 1 0 N
T 9 9 9 13 1 0 0 0 0 2 5 3 9 3 0 0 0 1 1 0 N
C 8 10 9 13 2 0 0 0 0 2 6 3 8 3 0 0 0 1 1 0 N
C 8 10 10 12 2 0 0 0 0 1 6 3 7 4 0 0 0 1 1 0 N
T 8 10 11 11 2 0 0 0 0 1 6 2 8 4 0 0 0 1 1 0 N
A 8 10 11 11 1 0 0 0 0 1 5 3 8 4 0 0 0 1 1 0 N
A 9 10 11 10 1 0 0 0 0 1 4 3 9 4 0 0 0 0 1 0 N
G 10 10 10 10 1 0 0 1 0 1 5 3 9 3 0 0 0 0 1 0 N
C 10 9 10 11 1 0 0 1 0 1 5 3 9 3 0 0 0 0 1 0 N
C 10 9 11 10 1 0 0 1 0 1 5 4 8 3 0 0 0 0 1 0 N
C 10 9 11 10 1 0 0 1 0 1 5 4 8 3 0 0 0 0 1 0 N
C 9 9 12 10 1 0 0 1 0 1 6 4 7 3 0 0 0 0 1 0 N
A 8 9 13 10 1 0 0 1 0 1 5 5 7 3 0 0 0 0 1 0 N
C 9 9 13 9 1 0 0 1 0 1 5 5 7 3 0 0 0 0 1 0 N
C 9 9 14 8 1 0 0 1 0 1 6 5 6 3 0 0 0 0 1 0 N
A 9 9 14 8 1 0 0 1 0 1 5 5 6 4 0 0 0 0 1 0 N
T 10 9 13 8 1 0 0 1 0 1 5 5 6 4 1 0 0 0 1 0 N
T 10 9 13 8 1 0 0 1 0 1 5 4 6 5 1 0 0 0 1 0 N
G 10 9 13 8 1 0 0 1 0 1 5 4 7 4 1 0 0 0 1 0 N
A 10 9 12 9 1 0 0 1 0 1 4 5 7 4 1 0 0 0 0 0 N
G 11 9 11 9 1 0 0 1 1 1 4 5 7 4 1 0 0 0 0 0 N
C 11 8 11 10 1 0 0 1 1 1 4 6 6 4 2 0 0 0 0 0 N
A 11 8 12 9 1 0 0 1 1 1 3 6 6 5 2 0 0 0 0 0 N
G 12 8 12 8 1 0 0 1 1 1 3 6 7 4 2 0 0 0 0 0 N
C 11 8 12 9 1 0 0 1 1 1 3 6 7 4 2 0 0 0 0 0 N
T 11 8 13 8 1 0 0 1 1 1 3 5 8 4 2 0 0 0 0 0 N
C 10 9 13 8 1 0 0 1 1 1 4 5 7 4 2 0 0 0 0 0 N
A 9 9 14 8 1 0 0 1 1 1 4 5 7 4 2 0 0 0 0 0 N
C 10 9 14 7 1 0 0 1 1 1 4 5 6 5 2 0 0 0 0 0 N
T 9 9 15 7 1 0 0 1 1 1 4 4 6 6 2 0 0 0 0 0 N
C 9 10 14 7 1 0 0 1 1 1 4 4 5 7 2 0 0 0 0 0 N
A 9 9 15 7 1 0 0 1 1 1 3 5 5 7 3 0 0 0 0 0 N
T 10 8 15 7 1 0 0 1 1 1 3 4 5 8 3 0 0 0 0 0 N
C 9 9 15 7 1 0 0 1 1 1 3 4 4 9 3 0 0 0 0 0 N
A 9 9 15 7 1 0 0 1 1 1 2 5 4 9 4 0 0 0 0 0 N
G 10 8 15 7 1 0 0 1 1 1 2 5 4 9 4 0 0 0 0 0 N
T 9 8 15 8 1 0 0 1 1 1 2 4 4 10 3 0 0 0 0 0 N
G 9 9 15 7 2 0 0 1 1 0 2 4 5 9 3 0 0 0 0 0 N
C 9 9 14 8 2 0 0 1 1 0 3 4 4 9 3 0 0 0 0 0 N
T 9 8 15 8 2 0 0 1 1 0 3 3 4 10 3 0 0 0 0 0 N
G 9 9 15 7 2 0 0 1 1 0 3 4 4 9 4 0 0 0 0 0 N
T 9 9 15 7 2 0 0 1 1 0 3 3 5 9 3 0 0 0 0 0 N
G 9 9 15 7 2 0 0 1 1 0 3 3 6 8 3 0 0 0 0 0 N
C 9 9 14 8 2 0 0 1 1 0 3 4 5 8 3 0 0 0 0 0 N
C 9 9 14 8 2 0 0 1 1 0 3 5 4 8 3 0 0 0 0 0 N
C 9 8 15 8 2 0 0 1 1 0 4 5 3 8 3 0 0 0 0 0 N
A 8 8 16 8 2 0 0 1 1 0 3 5 3 9 3 0 0 0 0 1 N
A 8 8 16 8 2 0 0 0 1 0 2 5 4 9 3 0 0 0 0 1 N
G 9 8 16 7 2 0 0 0 1 0 2 5 5 8 3 0 0 0 0 1 N
G 9 8 15 8 2 0 0 0 1 0 2 5 6 7 3 0 0 0 0 1 N
G 9 8 14 9 2 0 0 0 1 0 2 5 7 6 3 0 0 0 0 1 N
T 9 8 13 10 2 0 0 0 1 0 3 4 7 6 2 0 0 0 0 1 N
G 9 9 12 10 3 0 0 0 1 0 3 5 7 5 2 0 0 0 0 1 N
G 8 9 12 11 3 0 0 0 1 0 4 5 7 4 2 0 0 0 0 1 N
T 8 9 11 12 3 0 0 0 1 0 4 4 8 4 1 0 0 0 0 1 N
G 8 10 10 12 4 0 0 0 1 0 4 4 9 3 1 0 0 0 0 1 N
G 7 10 10 13 4 0 0 0 1 0 4 4 10 2 1 0 0 0 0 1 N
C 7 9 10 14 4 0 0 0 1 0 4 4 10 2 1 0 0 0 0 1 N
A 7 8 11 14 4 0 0 0 1 0 4 4 10 2 1 0 0 0 0 1 N
G 8 8 11 13 4 0 0 0 1 0 4 4 11 1 1 0 0 0 0 1 N
T 7 8 11 14 4 0 0 0 0 0 4 3 12 1 0 0 0 0 0 1 N
C 7 9 11 13 5 0 0 0 0 0 4 4 11 1 0 0 0 0 0 1 N
C 7 9 11 13 5 0 0 0 0 0 4 4 11 1 0 0 0 0 0 1 N
T 6 9 12 13 5 0 0 0 0 0 4 4 11 1 0 0 0 0 0 1 N
T 6 10 12 12 5 0 0 0 0 0 4 3 12 1 0 0 0 0 0 1 N
A 6 11 11 12 5 0 0 0 0 0 3 4 12 1 0 0 0 0 0 1 N
G 7 10 11 12 5 0 0 0 0 0 3 5 12 0 0 0 0 0 0 0 N
C 7 10 10 13 5 0 0 0 0 1 3 6 11 0 0 0 0 0 0 0 N
C 6 10 11 13 5 0 0 0 0 1 3 7 10 0 0 0 0 0 0 0 N
C 6 10 11 13 5 0 0 0 0 1 3 7 10 0 0 0 0 0 0 0 N
C 6 9 12 13 5 0 0 0 0 1 4 7 9 0 0 0 0 0 0 0 N
A 6 9 12 13 5 0 0 0 0 1 3 7 9 1 0 0 0 0 0 0 N
T 6 9 12 13 5 0 0 0 0 1 3 6 10 1 0 0 0 0 0 0 N
A 6 9 12 13 5 0 0 0 0 1 2 7 10 1 0 0 0 0 0 0 N
C 7 9 11 13 5 0 0 0 0 1 2 7 9 2 0 0 0 0 0 0 N
C 6 9 12 13 5 0 0 0 0 1 3 7 8 2 0 0 0 0 1 0 N
C 6 9 13 12 5 0 0 0 0 1 3 8 7 2 0 0 0 0 1 0 N
C 6 8 14 12 4 0 0 0 0 1 3 8 6 3 0 0 1 0 1 0 N
A 6 8 15 11 4 0 0 0 0 1 3 8 6 3 0 0 1 0 2 0 N
C 7 8 14 11 4 0 0 0 0 1 4 8 5 3 0 0 1 0 2 0 N
C 7 7 15 11 4 0 0 0 0 1 4 9 4 3 0 0 1 0 2 0 N
T 7 7 16 10 4 0 0 0 0 1 4 8 4 4 0 0 2 0 2 0 N
C 7 7 16 10 3 0 0 0 0 1 4 8 4 4 0 0 2 0 2 0 N
T 7 7 17 9 3 0 0 0 0 1 5 7 4 4 0 0 2 0 2 0 N
C 7 8 16 9 3 0 0 0 0 1 5 8 3 4 0 0 2 0 2 0 N
T 7 8 16 9 3 0 0 0 0 1 6 7 3 4 0 0 2 0 2 0 N
T 7 9 15 9 3 0 0 0 0 1 6 7 3 4 0 0 2 0 2 0 N
T 6 10 15 9 3 0 0 0 0 1 6 7 3 4 0 0 2 0 2 0 N
T 5 11 15 9 3 0 0 0 0 1 6 7 3 4 0 0 2 0 2 0 N
C 5 12 15 8 3 0 0 0 0 1 6 7 2 5 0 0 2 0 2 0 N
A 5 12 16 7 3 0 0 0 0 1 5 8 2 5 1 0 2 0 2 0 N
G 6 12 16 6 3 0 0 0 0 1 6 8 2 4 1 0 2 0 2 0 N
C 6 11 16 7 2 0 0 0 0 1 7 8 1 4 1 0 2 1 2 0 N
T 6 11 17 6 2 0 0 0 0 1 8 7 1 4 1 0 2 1 2 0 N
G 6 12 17 5 2 0 0 0 0 1 8 7 2 3 1 0 2 1 2 0 N
A 6 11 17 6 1 0 0 0 0 1 7 8 2 3 1 0 2 1 1 0 N
T 7 11 17 5 1 0 0 0 1 1 7 7 2 4 1 0 2 1 1 0 N
G 7 12 17 4 1 0 0 0 1 1 7 8 2 3 2 0 1 1 1 0 N
A 7 12 16 5 1 0 1 0 1 1 6 8 3 3 2 0 1 1 0 0 N
A 7 12 16 5 1 0 1 0 2 1 6 8 3 3 2 0 1 1 0 0 N
T 8 12 16 4 1 0 1 0 2 1 6 7 3 4 2 0 1 1 0 0 N
G 8 12 16 4 0 0 1 0 2 1 6 7 4 3 2 0 0 1 0 0 N
C 8 12 15 5 0 0 2 0 2 1 7 7 3 3 2 0 0 1 0 0 N
A 8 12 15 5 0 0 2 0 2 1 7 7 3 3 2 0 0 1 0 0 N
T 9 11 15 5 0 0 2 0 2 1 7 6 4 3 2 0 0 1 0 0 N
A 9 11 15 5 0 0 2 0 2 1 7 6 4 3 2 0 0 1 0 0 N
T 9 11 15 5 0 0 2 0 2 1 7 6 4 3 2 0 0 1 0 0 N
T 9 12 15 4 0 0 2 0 2 0 8 5 4 3 2 0 0 1 0 0 N
T 9 13 14 4 0 0 2 0 2 0 8 4 4 4 2 0 0 1 0 1 N
G 9 14 13 4 0 0 2 0 2 0 9 4 4 3 2 0 0 1 0 1 N
T 9 14 12 5 0 0 2 0 2 0 10 3 4 3 1 0 0 1 0 1 N
A 9 15 11 5 1 0 2 0 2 0 10 3 4 3 1 0 0 1 0 1 N
A 9 15 11 5 1 0 2 0 2 0 10 3 4 3 1 0 0 0 0 1 N
A 10 14 11 5 1 0 2 1 2 0 9 4 4 3 1 0 0 0 0 1 N
C 10 14 11 5 1 0 2 1 2 0 9 4 3 4 1 0 1 0 0 1 N
T 10 14 11 5 1 0 2 1 2 0 9 3 4 4 1 0 1 0 0 1 N
G 10 15 10 5 1 0 2 1 2 0 10 3 4 3 1 0 1 0 0 1 N
T 10 15 9 6 1 0 2 1 2 0 11 2 4 3 0 0 1 0 0 1 N
C 10 16 8 6 2 0 2 1 2 0 12 2 3 3 0 0 1 0 0 1 N
A 9 16 9 6 2 0 2 1 2 0 11 2 3 4 0 0 1 0 0 1 N
G 10 16 8 6 2 0 2 1 2 0 11 2 3 4 0 0 1 0 0 1 N
C 10 16 7 7 2 0 2 1 2 0 12 2 2 4 0 0 1 0 0 1 N
A 10 15 8 7 2 0 2 1 2 0 12 2 2 4 0 0 1 0 0 1 N
A 11 15 7 7 2 0 2 1 2 0 11 3 2 4 0 0 1 0 0 1 N
C 12 14 7 7 2 0 2 1 2 0 11 4 1 4 0 0 1 0 0 1 N
A 12 14 7 7 2 0 2 1 2 0 11 4 1 4 0 0 1 0 0 1 N
T 13 13 7 7 2 0 2 1 2 0 11 4 1 4 0 0 1 0 0 1 N
A 13 13 7 7 2 0 2 1 2 0 10 4 1 5 0 0 2 0 0 1 N
G 14 12 7 7 2 0 2 1 2 0 10 4 1 5 0 0 2 0 0 0 N
A 14 11 7 8 2 0 2 1 2 1 10 4 1 5 0 0 2 0 0 0 N
A 15 11 6 8 2 0 2 1 2 1 10 4 1 5 0 0 2 0 0 0 N
A 15 11 6 8 2 0 2 1 2 1 9 4 1 6 0 0 2 0 0 0 N
A 16 11 6 7 2 0 2 1 2 1 9 4 1 6 0 0 2 0 0 0 N
T 17 11 5 7 2 0 2 1 2 1 9 3 1 7 0 0 2 0 0 0 N
G 17 11 5 7 2 0 2 1 2 1 9 4 1 6 1 0 1 0 0 0 N
C 17 11 5 7 2 0 3 1 2 1 9 4 0 7 1 0 1 0 0 0 N
A 16 11 6 7 2 0 3 1 1 1 8 4 1 7 1 0 1 0 0 0 N
A 17 10 6 7 2 0 3 1 1 1 8 4 1 7 1 0 1 0 0 0 N
A 18 10 6 6 2 0 2 1 1 1 8 4 1 7 1 0 1 0 0 0 N
G 18 10 6 6 2 0 2 1 0 1 9 4 1 6 1 0 1 0 0 0 N
G 17 10 6 7 2 0 2 1 0 1 10 4 1 5 1 0 1 0 0 0 N
A 17 9 6 8 2 0 2 1 0 1 10 4 1 5 1 0 1 0 0 0 N
A 18 9 6 7 2 0 1 1 0 1 9 5 1 5 1 0 1 0 0 0 N
T 19 9 5 7 2 0 1 1 0 1 10 4 1 5 1 0 1 0 0 0 N
T 18 10 5 7 2 0 1 1 0 1 11 3 1 5 1 0 1 1 0 0 N
A 18 10 5 7 2 0 1 1 0 1 11 3 1 5 1 0 1 1 0 0 N
T 18 10 5 7 2 0 1 1 0 1 11 3 1 5 1 0 1 1 0 0 N
G 18 10 5 7 2 0 1 1 0 1 11 3 2 4 1 0 0 1 0 0 N
G 18 9 5 8 2 0 2 1 0 1 11 4 2 3 1 0 0 1 0 0 N
A 18 8 5 9 2 0 2 1 0 1 10 4 3 3 1 0 0 1 0 0 N
A 19 8 5 8 2 0 2 1 0 1 9 5 3 3 1 0 0 1 0 0 N
G 20 7 5 8 1 0 2 1 0 1 9 5 3 3 1 0 0 1 0 0 N
A 19 7 5 9 1 0 2 1 0 1 8 6 3 3 2 0 0 1 0 0 N
G 19 7 5 9 1 0 2 0 0 1 8 6 4 2 2 0 0 1 0 0 N
T 18 7 5 10 1 0 2 0 0 1 8 5 5 2 1 0 0 1 0 0 N
G 18 8 4 10 2 0 2 0 0 1 9 5 5 1 1 0 0 1 0 0 N
C 18 7 4 11 2 0 2 0 0 1 9 5 5 1 1 0 0 1 0 0 N
A 18 7 5 10 2 0 2 0 0 1 9 5 5 1 1 0 0 1 0 0 N
A 19 6 5 10 1 0 2 0 0 1 8 5 5 2 1 0 0 1 0 0 N
A 20 6 4 10 1 0 2 0 0 1 7 5 5 3 1 0 0 1 0 0 N
A 20 6 4 10 1 0 2 0 0 1 7 5 5 3 1 0 0 1 0 0 N
A 21 6 4 9 1 0 2 0 0 1 7 5 5 3 1 0 0 1 0 0 N
T 22 6 3 9 1 0 2 0 0 1 7 4 5 4 1 0 0 1 0 0 N
A 21 7 3 9 1 0 2 0 0 1 6 5 5 4 2 0 0 1 0 0 N
A 21 7 3 9 1 0 2 0 0 1 5 5 5 5 2 0 0 0 0 0 N
A 22 7 2 9 1 0 2 1 0 1 4 5 5 6 2 0 0 0 0 0 N
T 22 7 2 9 1 0 2 1 0 1 4 4 5 7 2 0 0 0 0 0 N
C 22 7 2 9 1 0 2 1 0 1 4 4 5 7 2 0 0 0 0 0 N
T 21 7 3 9 1 0 2 1 0 1 5 3 5 7 2 0 0 0 0 0 N
C 21 8 3 8 1 0 2 1 0 0 5 4 4 7 2 0 0 0 0 0 N
T 20 8 4 8 1 0 2 1 0 0 5 3 4 8 2 0 1 0 0 0 N
G 19 9 4 8 1 0 2 1 0 0 6 3 4 7 2 0 1 0 1 0 N
T 18 9 4 9 1 0 2 1 0 0 7 2 4 7 1 0 1 0 1 0 N
C 17 10 4 9 2 0 2 1 0 0 7 2 3 8 1 0 1 0 1 0 N
C 17 9 5 9 2 0 2 1 0 0 8 2 2 8 1 0 1 0 1 0 N
A 17 9 6 8 2 0 1 1 0 0 7 3 2 8 1 0 1 0 1 0 N
C 18 9 5 8 2 0 1 1 0 0 7 3 1 9 1 0 2 0 1 0 N
A 17 9 6 8 2 0 1 1 0 0 6 3 1 9 1 0 2 0 1 0 N
G 17 9 6 8 2 0 1 1 0 0 6 3 1 8 1 0 2 0 1 0 N
G 16 9 6 9 2 0 1 1 0 0 6 3 1 7 1 0 2 0 1 0 N
A 16 9 6 9 2 0 1 1 0 0 5 3 1 7 1 0 2 0 1 0 N
A 17 9 6 8 2 0 1 1 0 0 4 3 1 7 1 0 2 0 1 0 N
G 17 9 6 8 2 0 1 1 0 0 4 3 1 6 1 0 2 0 1 0 N
T 16 9 6 9 2 0 1 1 0 0 4 2 1 6 0 0 2 0 1 0 N
G 16 9 6 9 3 0 1 1 0 0 4 2 1 5 0 0 2 0 1 0 N
G 16 8 6 10 3 0 1 1 0 0 4 2 1 4 0 0 2 0 1 0 N
G 15 8 6 11 3 0 1 1 0 0 4 2 1 3 0 0 2 0 1 0 N
C 15 7 6 12 3 0 1 1 0 0 4 2 0 3 0 0 2 0 1 0 N
A 15 7 7 11 3 0 0 1 0 0 3 2 0 3 0 0 2 0 1 0 N
T 16 7 7 10 3 0 0 1 0 0 3 1 0 3 0 0 2 0 1 0 N
G 15 8 7 10 3 0 0 1 0 0 3 1 0 2 0 0 1 0 1 0 N
A 14 8 7 11 3 0 1 1 0 0 2 1 0 2 0 0 1 0 0 0 N
A 15 8 7 10 3 0 1 1 1 0 1 1 0 2 0 0 1 0 0 0 N
G 15 8 7 10 3 0 1 1 1 0 1 1 0 1 0 0 1 0 0 0 N
A 15 8 7 10 3 0 1 1 1 0 0 1 0 1 0 0 1 0 0 0 N
T 16 7 7 10 2 0 1 1 1 0 0 0 0 1 0 0 1 0 0 0 N
G 16 8 7 9 2 0 1 1 1 0 0 0 0 0 0 0 0 0 0 0 N

